38179	86.938147	86.968642	-0.030494	2.121939	1.026714	3.947080	2.106526	78.713098	-82.882811	88.160000	13113.000000
2344	86.436295	86.395607	0.040688	6.951839	2.014556	0.728633	1.233832	96.000000	-76.528070	73.400000	13485.000000
4639	86.776234	86.571252	0.204982	3.711551	0.665644	2.295009	1.800129	51.121823	-86.780180	64.400000	13490.000000
1112	87.251400	86.871600	0.379799	8.824459	5.120493	2.261628	1.292876	100.000000	-85.793635	37.914413	13440.000000
1011	87.935076	88.050905	-0.115829	5.492248	6.252697	3.611951	6.559130	80.000000	-84.177272	31.366004	13311.000000
13169	88.971141	88.579584	0.391557	4.526711	6.684647	4.647654	0.398609	100.000000	-69.861984	26.585146	12710.000000
40114	87.230822	86.910541	0.320280	3.679943	6.265051	3.070074	2.302688	43.587594	-85.273613	52.880000	13497.000000
23822	86.937929	86.877798	0.060131	3.300081	4.034272	5.605342	1.174582	79.899143	-71.260074	76.280000	13271.000000
29744	86.681846	86.627059	0.054788	6.248372	4.243364	2.187677	1.752436	90.676910	-71.793789	77.000000	13409.000000
44241	87.800829	87.489846	0.310983	5.129673	8.493701	7.062789	0.633850	75.121622	-69.259608	41.360000	13286.000000
18272	87.446899	87.584636	-0.137737	3.446359	3.363668	6.308763	0.000000	82.870017	-69.892943	58.280000	13171.000000
16644	88.814220	88.788504	0.025716	4.334951	4.816514	5.627210	2.719985	60.858498	-76.772716	40.280000	12651.000000
40573	86.876598	86.753589	0.123008	8.200994	4.683655	3.444879	1.292625	98.649058	-62.717951	61.160000	13405.000000
11720	86.636301	86.461403	0.174898	2.241481	9.956944	3.775600	3.175910	91.209035	-87.550485	50.970300	13488.000000
16958	89.287492	89.058284	0.229208	11.974216	5.200655	5.875385	2.316928	90.712037	-61.238831	18.860000	12651.000000
32134	88.279289	87.035020	1.244269	2.062621	6.653407	2.898823	4.408712	59.236518	-86.537176	94.280000	12749.000000
13663	89.481316	89.164635	0.316681	11.231175	9.282162	7.496674	5.182703	90.342484	-72.919225	68.360000	11875.000000
5826	86.309646	86.176793	0.132852	2.254003	1.680783	2.539858	0.787015	75.508275	-77.644448	90.680000	13487.000000
165	87.013259	86.664582	0.348677	5.156651	8.327437	7.151116	3.404909	95.025556	-65.013904	62.905016	13495.000000
15467	87.269789	87.236080	0.033709	6.625679	3.766402	8.655165	1.286202	70.885063	-62.486564	75.200000	13405.000000
2685	86.654474	86.691483	-0.037010	3.783743	0.000000	4.508160	1.301126	91.104456	-74.743090	84.560000	13487.000000
13482	87.186337	87.058618	0.127719	4.174093	4.825739	2.109199	3.001607	81.562654	-80.788335	43.276757	13230.000000
13074	87.914345	87.530244	0.384101	1.409212	2.300987	4.590744	1.286074	40.470821	-86.996612	83.480000	12710.000000
2144	86.852820	86.758131	0.094689	2.850376	1.872846	5.058053	0.955438	78.786036	-82.656746	66.200000	13485.000000
47982	88.768603	88.745893	0.022710	10.201479	5.482856	4.132684	1.550779	96.000000	-72.183871	35.600000	12366.000000
45468	89.699187	89.396301	0.302886	7.654135	4.603202	4.927024	2.471698	47.166327	-81.178481	65.120000	11797.000000
38295	88.065937	87.864777	0.201160	6.259901	10.865072	7.586574	2.579045	60.835553	-75.188373	42.440000	13113.000000
22770	88.049910	87.523031	0.526878	3.530287	3.607773	4.969376	1.779171	57.949807	-72.478168	89.960000	12772.000000
4747	86.354038	86.532567	-0.178529	3.648996	3.136976	5.305813	2.524256	84.785911	-71.427741	88.880000	13490.000000
42373	88.590474	88.323481	0.266993	5.825147	5.941348	0.555347	4.086843	92.888308	-77.782572	71.734101	12211.000000
2880	86.941519	86.807485	0.134034	3.610857	3.841810	5.246268	1.362690	59.241864	-73.269880	68.360000	13447.000000
46705	87.695668	88.012422	-0.316754	4.681031	7.538478	2.859208	4.272962	87.597262	-91.921561	27.860000	13143.000000
42898	87.001093	86.889974	0.111118	5.118128	3.642412	1.598104	3.947383	68.498429	-88.780000	57.200000	13095.000000
19117	88.854147	88.670262	0.183885	9.424079	4.710311	9.211777	1.781228	91.005690	-66.280526	24.620000	13213.000000
13096	88.003991	87.805282	0.198709	2.499923	2.085822	5.311654	4.276569	78.682210	-86.508108	69.440000	12710.000000
8092	88.049610	87.834074	0.215536	4.250938	3.738763	6.653489	1.927793	43.916364	-64.100784	77.360000	12846.000000
50242	87.006863	86.558451	0.448412	1.408091	0.000000	2.656553	1.255591	93.094595	-89.600737	88.520000	13183.000000
17534	89.001131	88.864335	0.136796	4.905458	3.447793	5.722270	3.842584	52.833094	-79.706611	87.080000	11892.000000
38686	88.037784	88.240411	-0.202627	7.852207	5.843114	3.972014	5.017540	95.565233	-75.087157	23.100591	13230.000000
42269	88.955786	88.528686	0.427100	5.804383	4.292650	4.736184	1.699803	74.570841	-75.617468	74.840000	12211.000000
25715	86.270202	86.644594	-0.374391	2.639670	4.397051	5.693256	0.413528	99.000000	-70.148397	72.664446	13495.000000
41737	87.945619	87.538308	0.407312	4.084548	4.123534	5.089981	0.921594	59.000000	-76.540000	56.840000	13150.000000
41547	87.537693	87.350286	0.187407	3.007850	1.279025	8.171360	1.199720	93.989291	-85.381892	60.440000	13150.000000
31515	86.963061	87.023091	-0.060030	5.484808	11.291238	7.196416	3.932927	88.837368	-73.566700	73.400000	13187.000000
24493	86.862690	86.702863	0.159828	5.552912	7.008857	3.504037	2.606439	84.128841	-70.002235	75.200000	13322.000000
13508	87.718396	87.396670	0.321726	2.711982	7.074122	8.540444	2.962528	50.000000	-77.191522	53.600000	13230.000000
8146	87.223198	87.183438	0.039760	3.635784	5.732643	4.826352	0.072568	51.866164	-73.024168	79.520000	12846.000000
1733	86.467862	86.286321	0.181541	5.891432	2.731903	0.046111	2.098948	97.407634	-83.439900	64.400000	13495.000000
11449	87.255905	86.987982	0.267923	4.640573	2.998338	4.943996	0.358540	80.000000	-71.860000	62.016583	13488.000000
17020	90.180072	90.112355	0.067717	11.585948	5.437008	15.478540	2.679799	76.375621	-65.540252	31.460000	12211.000000
1778	86.524863	86.832176	-0.307313	4.292153	10.020470	9.022069	5.827338	67.000000	-66.674616	62.537962	13491.000000
38558	88.089115	88.299007	-0.209891	8.040562	4.399068	6.612230	5.094865	83.262025	-69.747746	67.640000	12710.000000
22438	88.762782	88.172364	0.590418	5.535776	5.469504	4.203854	0.986024	51.849926	-74.082047	72.680000	12366.000000
49887	86.391740	86.213877	0.177863	3.082235	2.885119	0.957044	1.528311	64.544369	-86.352038	86.000000	13322.000000
36473	88.876321	88.536000	0.340321	9.531122	10.338756	10.322653	3.076314	22.656191	-65.840454	67.640000	12803.000000
37805	87.147427	87.090566	0.056861	4.178617	1.940511	4.203908	0.484368	94.477911	-70.203166	74.480000	13183.000000
13124	88.164396	87.981767	0.182629	0.819357	6.483637	7.063201	2.368182	98.523140	-85.268618	51.440000	12710.000000
3756	86.610191	86.787108	-0.176916	4.876335	2.359402	3.547134	2.839422	97.000000	-73.193305	74.331066	13322.000000
33973	86.849624	86.786317	0.063307	7.302644	5.475123	0.000000	2.410877	100.000000	-77.551089	71.960000	13320.000000
42351	88.112709	88.029507	0.083201	6.384375	6.299792	4.661441	6.098650	73.495291	-84.729626	97.880000	12211.000000
25237	86.086332	86.594955	-0.508622	2.255516	5.749348	6.472795	3.543141	90.082578	-83.494296	72.320000	13493.000000
1161	88.016337	87.967611	0.048727	4.807090	8.438094	4.915627	5.237506	64.044773	-80.880223	30.285808	13440.000000
11205	87.236665	86.996712	0.239953	1.925751	5.604970	9.143476	4.184029	81.000000	-69.297076	79.840866	13379.000000
6146	86.772918	86.749120	0.023798	4.074103	0.542682	2.898827	0.964270	68.000000	-74.485994	96.800000	13187.000000
24963	86.690886	86.595670	0.095216	3.658788	7.232459	2.824369	0.000000	81.693543	-78.838884	65.480000	13463.000000
34155	86.856352	86.491255	0.365097	5.982809	4.874131	0.534771	2.121778	100.000000	-95.524551	63.320000	13327.000000
35817	89.856093	89.637690	0.218403	10.290473	7.757300	8.504615	1.651911	91.056371	-73.137409	47.480000	11881.000000
14988	88.606022	88.373329	0.232693	13.277704	3.405436	11.752109	4.551387	95.586873	-52.366190	22.460000	13480.000000
29449	86.355298	86.387133	-0.031835	3.462868	6.380941	6.016588	0.496784	77.118318	-76.470461	78.440000	13490.000000
11079	86.802721	86.688128	0.114593	7.074718	5.872476	2.198971	1.533558	100.000000	-78.043385	57.200000	13379.000000
35677	88.788271	88.955962	-0.167691	6.145690	4.940238	1.326382	3.719747	99.886420	-94.889532	79.520000	11881.000000
50624	86.273765	86.454290	-0.180524	4.037457	2.199566	3.062815	0.704040	99.241560	-79.700695	80.600000	13463.000000
11353	86.888896	87.044698	-0.155802	3.061104	9.714688	8.153010	5.040620	66.321182	-71.727500	60.080000	13379.000000
47685	89.229314	88.736079	0.493236	8.192887	10.418316	11.111654	6.971327	90.000000	-76.230448	36.539293	12800.000000
41374	87.311258	87.237186	0.074073	10.706847	4.439471	3.411051	1.802441	100.000000	-64.582959	39.560000	13285.000000
16576	87.140808	86.888600	0.252208	4.323542	5.741520	2.856083	2.235425	43.455856	-81.085766	65.596541	13150.000000
44323	88.101736	87.788475	0.313261	9.587866	4.964151	4.127536	1.478261	98.000000	-72.958301	27.858541	13213.000000
48630	86.579175	86.319094	0.260081	3.122309	8.132544	4.069438	3.616117	69.151170	-83.331989	71.960000	13438.000000
49630	86.552738	86.280379	0.272359	3.311713	0.315745	2.034734	0.618365	95.276445	-69.835921	68.360000	13484.000000
5233	86.686326	86.901125	-0.214800	4.676072	1.093800	3.757344	1.582835	81.671556	-77.635953	66.560000	13421.000000
24433	87.007296	86.981793	0.025503	3.084437	2.288599	7.366565	0.944151	64.853629	-78.243911	86.000000	13322.000000
34517	87.655674	87.735246	-0.079572	5.149595	6.870451	9.036479	4.745718	95.477043	-78.068632	59.897719	13155.000000
44328	88.917922	89.105699	-0.187776	14.414024	7.335815	15.132523	4.302350	70.876594	-56.030690	28.220000	13213.000000
853	87.586191	87.486219	0.099972	10.896779	8.639123	8.228936	1.603683	91.078437	-60.315202	60.800000	13311.000000
22431	88.189532	88.179143	0.010388	7.970527	4.946471	3.844317	3.640642	83.263819	-86.743399	70.160000	12366.000000
6497	87.745614	87.483502	0.262112	5.426697	3.462788	2.337380	2.920924	88.885177	-86.483621	79.520000	12628.000000
43612	87.991694	87.266814	0.724880	5.167915	4.982511	1.983270	5.603368	95.624843	-89.693164	42.799651	13054.000000
11029	89.192424	88.621025	0.571399	8.107666	3.633053	10.014111	3.502615	60.682278	-65.102866	48.920000	12803.000000
8222	88.683162	89.045643	-0.362480	9.232774	7.376783	8.467381	4.619072	85.115557	-67.406972	32.000000	12846.000000
7103	86.674216	87.105682	-0.431466	2.264454	5.504103	7.823563	3.714567	91.287309	-76.985466	64.040000	13363.000000
16921	88.247886	88.030027	0.217860	3.943372	7.218519	4.470294	4.098380	82.067736	-83.469294	48.920000	12651.000000
36308	88.292129	87.745221	0.546907	4.895307	7.878759	7.869081	4.386051	63.238384	-76.162907	80.240000	12803.000000
41160	88.401730	88.280651	0.121079	11.125300	6.059625	9.374654	2.122730	89.758352	-64.278516	31.820000	13285.000000
31004	86.864829	86.398455	0.466374	2.241399	2.517367	4.008603	0.711212	72.505212	-73.283414	94.280000	13329.000000
7020	86.867497	86.761636	0.105862	3.755249	8.209823	6.886707	3.543195	89.322072	-70.959944	65.480000	13363.000000
772	87.295489	87.086789	0.208699	5.924650	3.556800	1.389467	0.594247	97.000000	-89.860000	34.461622	13311.000000
30837	86.855167	86.603416	0.251751	3.757201	10.076768	5.133549	3.594922	66.216567	-78.566371	82.760000	13329.000000
49808	87.018201	86.830510	0.187691	8.411875	4.403590	1.160697	1.685596	100.000000	-76.070603	50.502625	13322.000000
39619	88.944860	88.957756	-0.012896	5.065137	0.175593	3.718672	1.897939	91.000000	-90.000197	62.960000	12025.000000
20396	88.982771	89.040415	-0.057645	8.236317	7.580565	3.711964	5.397090	81.863335	-79.235435	83.120000	11797.000000
