Integral of noise probability 1.0
Integral of population probability 1.0000000000000002
78.0 0.015747679073109606 0.004395604395604396
78.5 0.027053460527938066 0.004395604395604396
79.0 0.1580667697678494 0.020722135007849293
79.5 0.04561600461181312 0.03076923076923077
80.0 0.1424649116159075 0.06467817896389325
80.5 0.1536625684089765 0.09544740973312402
81.0 0.18287268313011135 0.17519623233908949
81.5 0.16681032250912184 0.20910518053375196
82.0 0.19074285542562744 0.2273155416012559
82.5 0.11008488586411898 0.18838304552590268
83.0 0.18856725071782443 0.19717425431711147
83.5 0.15813297246605953 0.17080062794348508
84.0 0.16423789253622967 0.16577708006279435
84.5 0.12005813092073467 0.17770800627943484
85.0 0.09584358654783635 0.11930926216640503
85.5 0.055580630721215975 0.0967032967032967
86.0 0.02102735201179988 0.03642072213500785
86.5 0.0028453012498432153 0.01130298273155416
87.0 0.0004207274858695106 0.0031397174254317113
87.5 5.088219376915457e-06 0.0006279434850863422
88.0 0.00015892618863604717 0.0006279434850863422
