6001	86.566246	86.625044	-0.058798	1.434124	2.099888	2.905344	2.884178	0.375127
6002	86.569295	86.482613	0.086682	2.383486	2.547988	4.689147	1.263987	3.847579
6003	86.213609	86.254012	-0.040403	2.639653	1.516726	3.551133	2.187546	1.203794
6004	86.320289	86.592530	-0.272241	1.765623	2.492535	3.013900	2.898427	1.124470
6005	86.891704	86.817009	0.074695	1.784913	3.739706	3.023232	1.853081	2.974693
6006	87.085838	86.970720	0.115118	2.066709	4.040462	2.027816	3.586797	2.327478
6007	86.858030	86.780996	0.077034	2.896183	2.994734	2.517850	3.017783	2.521082
6008	86.762059	86.751767	0.010292	1.849793	2.919358	2.346131	3.110272	1.486073
6009	87.071989	86.652677	0.419312	2.116144	2.132628	0.451773	1.676898	1.299076
6010	86.780630	86.775299	0.005331	2.163139	2.253761	1.404832	0.652165	2.466140
6011	87.074621	86.963401	0.111220	2.194324	3.132523	0.436691	0.857069	2.675631
6012	87.050273	86.834032	0.216240	2.568956	2.974463	2.425565	2.477365	0.894640
6013	86.493346	86.288405	0.204941	2.956079	1.903006	4.253234	1.807288	0.546838
6014	86.233626	86.269569	-0.035943	1.466627	1.795119	4.086129	1.316587	2.207883
6015	86.310199	86.363734	-0.053535	1.248226	2.979697	3.579704	2.074018	4.268462
6016	86.986009	86.919747	0.066262	2.762273	5.006848	0.691605	3.468500	3.430288
6017	87.196872	87.041073	0.155799	1.775209	4.037838	2.598697	2.732788	2.324250
6018	86.746033	86.739057	0.006976	2.901486	2.633718	1.696018	2.876410	2.281577
6019	86.485304	86.409519	0.075785	3.568232	2.467923	4.908394	3.665960	4.321847
6020	86.203560	86.354825	-0.151266	2.029865	2.716578	3.190634	2.998035	2.621980
6021	86.988906	86.907671	0.081235	0.242623	2.239117	1.497752	2.304965	0.362927
6022	86.739109	86.808585	-0.069476	0.915231	2.269120	3.031103	3.776115	1.209383
6023	86.106143	86.086774	0.019369	1.949013	1.526332	4.229138	2.779928	2.005381
6024	86.894879	86.791798	0.103081	0.971723	1.804110	1.459164	2.873975	0.585834
6025	86.784660	86.777838	0.006822	2.027288	2.973934	3.679246	1.378915	3.431044
6026	87.147601	87.303643	-0.156043	0.194167	1.512347	2.666326	1.659088	0.868607
6027	86.525724	86.517702	0.008022	2.141236	1.115944	4.270056	1.882713	1.570144
6028	86.499418	86.494892	0.004526	2.970413	1.836606	4.088552	2.980756	1.805916
6029	86.564952	86.762720	-0.197768	2.001374	2.126119	2.916397	1.994132	2.043184
6030	86.766098	86.699414	0.066684	2.326414	2.117843	3.127886	1.510282	3.273917
6031	86.945298	86.976547	-0.031250	2.234807	2.899500	3.549757	3.752890	0.816505
6032	86.922494	86.713653	0.208841	1.787532	2.285306	3.142349	2.285305	0.965244
6033	86.650473	86.689213	-0.038740	2.794884	3.761186	4.992337	2.131809	3.915820
6034	86.626025	86.646333	-0.020307	3.989412	4.068249	4.879522	3.508987	2.285548
6035	87.019042	87.003280	0.015761	1.774113	2.228841	1.807824	0.505771	2.847677
6036	86.443771	86.651841	-0.208070	1.641549	1.826019	2.571646	1.271922	1.703497
6037	86.614033	86.699011	-0.084978	2.080841	1.148618	3.226107	0.694489	1.190457
6038	86.751102	86.807763	-0.056661	1.144228	1.596364	1.951205	1.050569	1.678645
6039	86.807545	86.677261	0.130284	0.676790	1.865898	3.404195	1.067705	1.992198
6040	86.840206	86.794498	0.045708	0.804572	2.075030	1.744359	1.672231	0.251680
6041	86.893292	86.944910	-0.051618	0.889226	2.259702	1.995405	1.976813	0.578417
6042	86.588736	87.189439	-0.600703	1.365812	2.497536	1.300851	2.462695	0.833394
6043	86.728301	86.705198	0.023103	1.501092	2.987049	1.625296	2.124086	0.964185
6044	86.739312	86.835765	-0.096453	0.231444	2.689903	2.657555	1.928230	0.757229
6045	86.642965	86.572634	0.070332	0.521330	2.173175	4.140687	1.609386	1.629336
6046	86.471587	86.758556	-0.286969	0.211754	2.181437	2.885324	2.230945	1.414791
6047	86.220389	86.113369	0.107020	3.566640	2.100631	4.988426	3.407959	3.894801
6048	88.060583	87.140476	0.920108	0.540054	2.884295	0.214393	2.014009	0.152855
6049	87.038330	86.900858	0.137472	1.752202	3.939459	1.798005	3.677200	0.801036
6050	87.380529	87.518972	-0.138443	0.324044	2.180180	1.567192	2.549614	0.251946
6051	87.125871	87.120938	0.004933	0.406033	1.687534	3.094047	2.391797	0.454548
6052	87.179154	86.990736	0.188418	1.395073	2.720743	3.990614	2.202677	2.018251
6053	87.301742	87.210986	0.090756	3.300347	2.524010	3.951534	1.129039	3.326160
6054	87.263838	87.098260	0.165578	1.756974	0.525898	2.044218	0.539224	0.946565
6055	87.061431	87.033648	0.027782	2.582655	2.420296	0.264271	1.229674	4.768854
6056	86.913352	86.690028	0.223325	1.720165	0.991807	1.429486	3.671538	1.151008
6057	87.085668	86.745383	0.340285	2.778053	2.331020	1.315091	2.319230	3.597850
6058	86.796231	86.990097	-0.193866	1.524553	3.221379	3.796125	3.515498	2.224204
6059	86.194009	86.108801	0.085208	1.630681	2.417287	5.054482	2.287930	4.539575
6060	86.967629	86.762709	0.204921	1.473821	2.906547	1.074223	2.795610	0.992871
6061	86.985689	86.918300	0.067389	2.077304	4.894294	2.056498	1.623449	4.623947
6062	88.384215	87.187081	1.197134	2.958428	4.870635	3.061599	2.211232	2.847517
6063	87.479078	87.315656	0.163423	3.833245	4.103023	3.033468	1.900970	4.445993
6064	87.655926	87.478214	0.177712	3.464494	4.938803	1.355685	0.981902	3.597702
6065	87.525184	87.549792	-0.024608	3.629821	4.699133	4.414691	0.748968	4.277903
6066	87.822758	87.865001	-0.042244	2.459574	4.747683	2.065743	1.501520	4.181249
6067	87.580788	87.550283	0.030505	2.611246	5.152893	5.164714	2.465902	4.356246
6068	87.370246	87.207193	0.163053	2.662718	3.538213	2.283060	0.754455	3.138673
6069	87.469280	87.365670	0.103609	1.703893	4.730232	2.364532	3.224330	1.139111
6070	88.066128	87.960000	0.106128	2.749531	5.264112	0.795488	1.735299	3.642127
6071	88.369729	88.038348	0.331380	2.506905	2.040446	0.000000	0.523187	2.765949
6072	87.378589	87.315272	0.063317	3.324359	3.487650	0.428681	0.835859	2.835351
6073	87.426652	87.361891	0.064761	2.693471	3.362606	0.441411	2.565207	0.972776
6074	87.326960	87.362780	-0.035821	2.080415	4.178040	1.326703	2.396169	1.117419
6075	87.520862	87.403987	0.116875	1.894937	3.199378	0.722197	1.659556	2.242158
6076	87.186137	87.174232	0.011905	2.109027	2.954908	1.352025	2.771167	1.478385
6077	87.233404	87.198370	0.035034	1.965636	2.026477	1.818143	1.047526	1.764183
6078	87.218430	87.194138	0.024291	1.332509	2.217537	3.035705	2.364188	1.720055
6079	86.827674	86.810146	0.017528	3.597790	2.044070	4.313173	1.240389	3.157084
6080	87.001443	87.100907	-0.099464	5.961976	2.295543	2.703968	1.983191	1.814180
6081	86.950801	86.914267	0.036534	4.346052	2.035984	2.238970	3.548077	1.127772
6082	86.862965	86.589386	0.273579	3.437829	0.658764	1.932420	1.909448	1.175638
6083	87.251811	87.052498	0.199314	0.336477	0.886726	1.826805	2.761057	1.679632
6084	87.530491	87.490287	0.040204	3.979375	4.844188	5.020010	2.174485	4.760056
6085	87.797729	87.766494	0.031235	3.338411	2.527430	0.942098	0.156832	2.953802
6086	87.679599	87.650392	0.029207	2.247374	2.324511	1.937177	1.669476	1.301345
6087	87.207417	87.089539	0.117878	2.139573	0.759887	2.190009	0.775644	0.788919
6088	87.725631	87.866503	-0.140872	3.494697	4.193445	3.684284	1.892682	1.105076
6089	86.936691	86.985968	-0.049277	2.355794	2.046378	4.694807	1.821840	2.632338
6090	88.134253	88.242299	-0.108045	2.033890	4.287397	0.992187	1.457671	1.055938
6091	88.113365	88.032716	0.080649	1.769547	4.239069	0.458221	2.301339	0.521240
6092	87.884377	87.915512	-0.031135	2.612003	4.950761	1.429053	3.373242	1.771629
6093	88.081937	88.103053	-0.021116	3.503864	3.618131	1.236006	0.501099	3.274511
6094	88.034881	88.131324	-0.096443	3.388990	1.203053	2.216360	1.547063	2.409208
6095	88.191968	88.350964	-0.158996	1.427638	0.868685	3.491523	1.076085	1.413545
6096	88.436201	88.364486	0.071715	2.835645	5.132411	3.965860	1.215867	4.214639
6097	88.600802	88.730147	-0.129344	2.760828	2.947527	1.993881	0.867900	3.058291
6098	87.652510	87.553685	0.098825	2.860773	2.506352	2.034268	1.837486	2.593347
6099	87.777542	87.907893	-0.130351	2.332857	2.725254	2.219915	4.264529	2.027596
6100	87.674258	87.694198	-0.019940	2.230796	1.531417	2.956489	1.634740	2.666060
6101	87.573427	87.664460	-0.091033	2.162308	1.378341	3.215847	1.596863	1.297143
6102	88.074849	88.005221	0.069628	3.214382	4.475172	3.110496	2.539258	5.035139
6103	87.837771	88.182795	-0.345024	2.210990	1.049221	3.996964	0.544366	3.081884
6104	87.805994	87.749522	0.056472	3.352541	2.390295	2.179126	2.264041	2.666277
6105	87.865171	87.935629	-0.070458	3.208851	2.472721	2.179080	2.837824	2.162716
6106	88.024604	88.046103	-0.021498	2.246318	3.343334	1.989024	2.717091	2.463860
6107	88.052552	88.183297	-0.130745	1.572689	1.911907	5.094597	1.389989	2.402878
6108	87.865473	87.824800	0.040674	2.536083	1.365061	1.854369	0.881485	2.657678
6109	87.999027	88.244877	-0.245850	1.602234	3.429391	5.249938	0.982312	2.839767
6110	88.103210	88.024530	0.078680	3.617224	2.330249	1.633183	0.128008	2.003267
6111	87.971162	87.883699	0.087463	1.905100	1.330037	1.987848	0.827747	1.385512
6112	87.355252	87.383777	-0.028524	1.514592	1.186871	3.975837	2.226529	1.807345
6113	87.634055	87.754020	-0.119965	2.152459	2.290719	2.959672	1.101728	1.502049
6114	87.581488	87.639178	-0.057690	3.230227	3.579315	3.451120	2.386046	2.240506
6115	88.156453	88.159726	-0.003273	3.841407	4.932072	5.070889	1.604613	4.529479
6116	88.386540	88.417192	-0.030652	2.704440	3.645646	3.920607	1.666326	1.838104
6117	88.561293	88.509284	0.052010	2.227277	3.973435	2.543566	0.000000	2.256274
6118	88.440709	88.449876	-0.009167	2.218302	6.092934	1.920572	2.607873	3.444457
6119	88.879395	88.581011	0.298383	3.961089	1.614175	1.933452	0.000000	1.457851
6120	88.444291	88.176753	0.267537	2.225555	2.163242	3.157746	2.117574	1.275900
6121	88.051806	88.140188	-0.088383	2.437825	3.552179	4.093413	1.802370	2.886369
6122	88.172800	88.052871	0.119929	2.890794	3.899600	2.929134	1.443392	2.326530
6123	88.147951	88.003679	0.144272	4.843826	2.075606	2.431913	0.634728	2.192320
6124	88.512470	88.339182	0.173288	3.631443	3.622403	1.190682	0.816999	3.328220
6125	88.246052	88.364730	-0.118679	1.832716	0.376958	3.322517	1.558967	1.606185
6126	88.437082	88.573859	-0.136777	3.253031	1.940904	3.426293	1.633879	1.073500
6127	87.878688	88.099139	-0.220452	2.436376	1.994646	3.726484	1.341278	0.836556
6128	88.535365	88.616924	-0.081559	3.829602	1.060611	2.625496	2.683386	0.569262
6129	87.614331	87.456834	0.157497	2.830571	0.526685	1.613065	1.539750	2.965427
6130	87.594091	87.660897	-0.066806	3.737504	1.946120	2.783860	0.798110	2.441792
6131	87.621229	87.893855	-0.272626	4.039083	1.241196	1.559116	2.452406	2.912333
6132	87.622587	87.416567	0.206020	1.397979	1.193098	2.546967	2.120364	0.308527
6133	87.764910	87.637059	0.127852	3.678344	2.671545	1.900064	0.012456	2.187602
6134	88.150164	88.078923	0.071240	2.282904	4.155208	1.768039	1.716396	0.696835
6135	87.867314	87.634065	0.233249	2.662411	1.633465	3.890532	0.564305	2.552471
6136	88.130918	87.703574	0.427343	1.631550	2.125302	3.697369	0.795086	2.390511
6137	88.512959	88.474378	0.038581	1.840963	3.341583	2.110408	0.017291	2.946358
6138	88.507478	88.331313	0.176165	2.877741	2.564689	4.183569	2.193917	0.462056
6139	88.303624	88.314500	-0.010876	1.327016	4.353915	2.561376	2.282223	1.923942
6140	88.012552	88.128003	-0.115452	3.773860	2.425187	2.107391	0.865343	1.046959
6141	88.111088	87.963343	0.147746	3.521986	4.896732	2.519835	1.546378	2.490782
6142	88.570548	88.214867	0.355681	3.177396	2.021142	1.351130	0.000000	1.721928
6143	88.846805	88.758305	0.088500	2.867419	5.690608	2.809716	0.714586	2.697344
6144	88.623947	88.613443	0.010504	2.559638	1.717499	2.930997	1.271306	1.796573
6145	88.070456	88.053397	0.017059	1.941800	2.439079	3.335272	2.027652	1.271834
