6001	86.566246	86.474044	0.092202	2.067465	0.837182	1.778000	1.250655	2.327580	0.420356
6002	86.569295	86.471041	0.098254	3.399499	2.298936	1.158764	2.257041	1.699994	2.023823
6003	86.213609	86.293130	-0.079521	2.596876	0.620531	1.685724	1.217000	1.292027	1.320279
6004	86.320289	86.570258	-0.249969	1.998823	1.299276	1.742426	1.739251	1.929098	0.934579
6005	86.891704	86.847830	0.043874	2.050552	2.278891	1.477309	3.195545	2.382636	2.243953
6006	87.085838	87.026946	0.058892	1.206648	1.790649	2.441201	2.669931	2.439511	0.984641
6007	86.858030	87.054769	-0.196739	1.759590	1.876180	2.049990	1.993607	1.417692	1.152619
6008	86.762059	86.869371	-0.107313	1.569025	1.140582	2.098558	1.879700	2.131420	1.357023
6009	87.071989	86.980965	0.091024	0.591273	1.364676	1.039703	2.289969	1.330489	1.650356
6010	86.780630	86.765225	0.015405	1.611017	2.072020	0.658886	2.713248	1.020289	1.157629
6011	87.074621	86.816463	0.258159	0.667530	2.334054	0.550435	3.732128	1.528635	1.323384
6012	87.050273	86.853988	0.196284	1.793414	1.368689	1.571558	2.430718	1.398138	0.377101
6013	86.493346	86.330290	0.163056	3.061369	0.607810	1.469023	1.766794	1.077559	0.919704
6014	86.233626	86.204653	0.028972	2.851231	0.722216	0.972385	1.275339	2.193440	2.014021
6015	86.310199	86.374249	-0.064050	2.323449	2.971851	1.448596	2.472438	3.021762	2.079608
6016	86.986009	86.946540	0.039469	0.223860	3.043521	2.621691	4.472034	2.323938	1.756554
6017	87.196872	87.121417	0.075455	1.626223	1.822814	1.860477	3.061819	2.570567	1.971215
6018	86.746033	86.843991	-0.097958	1.274874	2.013507	2.121911	2.156922	1.167481	0.883851
6019	86.485304	86.519197	-0.033893	3.444912	2.827034	2.702648	1.697292	1.788063	2.608584
6020	86.203560	86.121279	0.082280	2.210299	1.627072	2.357468	1.884514	2.269035	2.353235
6021	86.988906	87.054044	-0.065138	1.000778	0.699196	1.258185	1.648603	3.429049	0.605073
6022	86.739109	86.580848	0.158261	1.822803	1.900599	1.828644	1.308954	2.777889	0.750314
6023	86.106143	86.021809	0.084333	2.983637	1.496084	1.738163	0.962859	2.122780	1.394446
6024	86.894879	86.752463	0.142416	0.951661	0.779217	1.506208	1.240445	2.182647	1.076158
6025	86.784660	86.883346	-0.098686	2.652969	2.295844	1.157037	2.741879	1.880111	1.822381
6026	87.147601	86.959133	0.188468	1.949997	1.700350	0.567767	1.477140	2.738369	0.783260
6027	86.525724	86.427812	0.097912	2.984663	1.220088	1.113230	1.052023	1.377659	1.096951
6028	86.499418	86.499358	0.000061	2.807353	1.293282	2.028511	1.295547	1.483914	1.381648
6029	86.564952	86.518062	0.046890	2.189121	1.281258	1.523329	1.789173	1.629512	1.923870
6030	86.766098	86.688332	0.077766	2.434051	2.183484	1.286315	1.996196	1.459486	1.601593
6031	86.945298	86.984015	-0.038717	2.108797	1.591720	2.009992	1.870619	1.846707	0.658640
6032	86.922494	86.841465	0.081029	2.223172	1.434697	1.358944	1.938307	1.601399	0.811104
6033	86.650473	86.728193	-0.077719	3.325526	2.268074	2.008468	2.878591	2.128201	2.316797
6034	86.626025	86.649653	-0.023628	3.326301	2.008451	2.755446	2.778353	1.648112	0.951624
6035	87.019042	86.959840	0.059202	1.813235	2.626640	0.554370	2.789896	1.302588	0.934787
6036	86.443771	86.484327	-0.040556	2.184076	1.071895	1.141513	1.767423	1.670075	2.195431
6037	86.614033	86.615522	-0.001489	2.736361	0.664513	0.748116	1.515125	1.010792	2.053801
6038	86.751102	86.969197	-0.218095	1.796411	1.349209	0.770683	1.849441	1.804886	2.335380
6039	86.807545	86.596588	0.210956	2.613192	1.469973	0.518931	1.829282	2.523604	1.437940
6040	86.840206	87.324388	-0.484182	1.538030	0.000000	1.246275	1.520695	2.645590	1.246562
6041	86.893292	87.285629	-0.392337	1.636645	0.334752	1.383295	1.621392	2.631777	1.051429
6042	86.588736	87.126461	-0.537725	1.111030	0.054804	2.179479	1.758826	2.611536	2.254949
6043	86.728301	86.685419	0.042882	1.331130	0.513968	1.897150	2.268620	2.533639	2.362523
6044	86.739312	86.740228	-0.000916	1.849415	1.156045	0.858763	1.973339	3.890495	1.043403
6045	86.642965	86.549192	0.093773	2.952302	1.721932	0.642753	1.843966	3.162120	1.276025
6046	86.471587	86.643601	-0.172014	1.957519	2.299690	0.861527	1.838601	3.258247	0.915510
6047	86.220389	86.230731	-0.010342	3.622645	2.727988	2.505111	1.500929	1.704248	2.078176
6048	88.060583	87.253473	0.807111	0.069761	0.205011	1.287394	2.715018	3.053880	1.589139
6049	87.038330	87.009546	0.028784	1.010817	0.880913	2.464589	2.666458	2.551651	0.694265
6050	87.380529	87.372692	0.007836	0.953579	0.721005	1.303127	1.569439	3.148391	0.427288
6051	87.125871	87.046084	0.079787	2.084373	1.601252	0.877836	1.204440	2.843832	0.381445
6052	87.179154	87.126342	0.052811	2.753898	1.492349	1.333376	2.001048	2.513416	1.416034
6053	87.301742	87.263370	0.038372	3.047458	2.169704	1.301438	2.510430	1.041543	1.481572
6054	87.263838	86.965420	0.298418	1.889208	0.714512	0.459813	1.189545	0.716961	2.096930
6055	87.061431	87.045729	0.015701	0.387007	3.329188	1.041821	2.963663	1.100951	0.193117
6056	86.913352	86.804421	0.108932	1.117926	0.255742	2.413218	0.447516	1.486610	1.818447
6057	87.085668	86.850450	0.235218	0.974109	2.613942	1.860186	2.096429	1.195958	0.000000
6058	86.796231	86.775147	0.021084	2.307720	1.946146	1.940524	1.942752	2.795042	1.411386
6059	86.194009	86.115022	0.078986	3.305541	2.684715	1.484896	1.795173	2.673715	3.199039
6060	86.967629	86.870513	0.097117	0.761134	0.882277	1.739951	2.234653	2.239965	1.419333
6061	86.985689	87.008443	-0.022754	1.547600	3.237353	1.532072	4.404894	2.758612	0.893279
6062	88.384215	87.227780	1.156436	2.247357	1.928069	1.915594	3.866919	1.945161	1.414708
6063	87.479078	87.322882	0.156196	2.348157	3.088420	1.968974	3.425115	1.115552	0.825914
6064	87.655926	87.536355	0.119570	1.448768	3.244551	1.001829	5.102800	1.322701	1.499822
6065	87.525184	87.471832	0.053352	3.462828	3.223906	1.196313	4.737911	1.428586	1.931101
6066	87.822758	87.813436	0.009322	1.521968	3.681941	1.369284	4.445634	2.137869	1.391193
6067	87.580788	87.535665	0.045123	3.517638	2.930157	2.080097	4.089994	2.807065	2.031770
6068	87.370246	87.227827	0.142419	2.040118	2.817809	0.906483	3.791952	1.358371	1.652190
6069	87.469280	87.407429	0.061851	1.451393	1.020331	2.198097	3.406814	3.085804	0.728093
6070	88.066128	87.824466	0.241662	0.519914	2.808986	1.420328	5.121640	1.957973	0.922507
6071	88.369729	88.040904	0.328824	0.032216	2.208887	0.247621	3.032656	0.902125	1.030696
6072	87.378589	87.305692	0.072897	0.706273	3.172325	0.439154	4.086517	1.015084	2.065269
6073	87.426652	87.368091	0.058561	0.223237	0.929595	1.873010	3.220620	1.309154	2.085099
6074	87.326960	87.364138	-0.037179	1.016794	0.848500	1.925276	3.487533	2.236183	1.593374
6075	87.520862	87.413749	0.107114	0.761322	1.901002	1.185387	3.199925	1.769656	1.874853
6076	87.186137	87.308623	-0.122486	1.079833	1.013554	2.011027	2.250868	1.792544	1.877596
6077	87.233404	87.213195	0.020209	1.823682	1.638073	0.936914	2.329605	1.204363	1.964658
6078	87.218430	87.223229	-0.004800	2.104763	1.303899	1.455107	1.564210	2.287785	1.459119
6079	86.827674	86.903714	-0.076040	3.393031	2.317847	1.355531	2.150606	0.888357	2.127804
6080	87.001443	87.032030	-0.030587	1.695775	1.670892	1.758853	2.448310	0.000000	2.338443
6081	86.950801	87.154720	-0.203918	1.494318	1.146837	2.359032	1.605238	0.614172	1.398764
6082	86.862965	86.651881	0.211084	1.432326	0.880351	1.291704	1.152985	0.301996	2.240398
6083	87.251811	87.053896	0.197916	1.293159	1.487920	1.173105	0.622932	2.327991	1.405659
6084	87.530491	87.509413	0.021078	3.426844	3.186117	2.388963	3.934790	1.615014	1.807648
6085	87.797729	87.793244	0.004485	1.171561	2.858811	0.218927	3.296877	0.507880	1.085146
6086	87.679599	87.596740	0.082859	1.818063	0.899870	1.363937	2.141514	1.129652	1.247066
6087	87.207417	86.989086	0.218331	2.030640	0.620669	0.757767	1.335535	0.645585	2.198520
6088	87.725631	87.885818	-0.160188	2.909392	0.285184	2.603274	3.091875	1.956807	2.416360
6089	86.936691	86.853199	0.083492	3.409276	1.569257	1.461557	1.689055	1.772755	1.688845
6090	88.134253	88.253725	-0.119471	0.952031	1.135303	1.148531	4.083888	2.193315	2.575426
6091	88.113365	88.149280	-0.035915	0.152890	0.623754	1.720667	3.909558	2.542236	2.283108
6092	87.884377	87.884640	-0.000264	0.724393	1.413956	2.660468	3.855181	2.079336	0.100533
6093	88.081937	88.172093	-0.090156	1.394656	3.006241	0.594093	4.014690	0.835545	1.456233
6094	88.034881	88.224089	-0.189208	1.916570	1.829340	1.321644	1.539551	0.591362	0.732321
6095	88.191968	88.390201	-0.198233	2.670346	1.085085	0.472798	1.114542	1.337569	1.096268
6096	88.436201	88.409366	0.026835	2.908226	3.444046	1.396139	4.802419	2.066138	2.193728
6097	88.600802	88.740846	-0.140044	1.874256	2.568388	0.966319	3.122120	1.072291	1.409132
6098	87.652510	87.650200	0.002309	1.707256	1.754048	1.581100	2.218298	1.043750	1.281801
6099	87.777542	87.830362	-0.052820	1.264303	2.416816	2.359617	1.789083	1.611396	0.443319
6100	87.674258	87.644854	0.029403	2.398484	2.106399	1.248478	1.629857	1.294508	1.181293
6101	87.573427	87.945505	-0.372078	2.567315	0.470028	1.396526	1.180693	1.412636	1.585340
6102	88.074849	88.086789	-0.011940	2.194266	3.273820	2.208712	3.276257	1.749629	0.787572
6103	87.837771	87.855354	-0.017583	3.202636	2.448291	0.359001	1.595353	0.945129	0.656252
6104	87.805994	87.696325	0.109669	1.816697	2.067664	1.779069	2.157978	0.943260	1.821835
6105	87.865171	87.920921	-0.055750	1.659856	1.559767	1.966102	1.838341	1.104631	1.593146
6106	88.024604	88.106797	-0.082193	1.368359	1.781567	1.922147	2.429648	1.878784	1.741798
6107	88.052552	88.467230	-0.414678	3.620212	1.244825	0.935398	1.381764	2.484505	1.718939
6108	87.865473	87.875887	-0.010414	1.800208	2.324150	0.805244	1.926805	0.943350	1.319323
6109	87.999027	88.039363	-0.040336	4.054629	1.012595	0.475990	3.467749	2.994909	2.050187
6110	88.103210	88.044311	0.058899	1.739729	2.176020	0.252517	3.050341	0.339242	1.565392
6111	87.971162	88.041628	-0.070466	2.047591	1.129037	0.859912	1.793083	1.047555	2.120361
6112	87.355252	87.435085	-0.079833	2.883132	1.366493	1.239732	0.765571	2.153757	1.159102
6113	87.634055	87.782815	-0.148761	2.521461	0.844769	1.096961	2.296834	1.245899	1.463616
6114	87.581488	87.596065	-0.014578	2.581661	1.902105	1.905639	2.912566	1.275016	0.840414
6115	88.156453	88.227569	-0.071116	3.634392	2.862526	1.795944	4.439554	1.633378	1.713936
6116	88.386540	88.367291	0.019250	2.770855	0.799874	2.132879	2.653938	2.009751	2.750688
6117	88.561293	88.404266	0.157027	2.527441	2.583922	0.250580	4.537902	1.668044	2.574270
6118	88.440709	88.308031	0.132678	1.276686	2.314812	1.887161	5.128035	3.131594	1.026394
6119	88.879395	88.554873	0.324522	1.632985	1.189189	0.000000	2.888836	0.000000	1.520902
6120	88.444291	88.292650	0.151641	2.351100	0.814849	1.644429	1.670971	1.528430	1.212713
6121	88.051806	88.144072	-0.092266	2.840157	1.549001	1.586265	2.922443	1.935478	1.959661
6122	88.172800	88.082703	0.090098	2.386446	1.462163	1.387248	3.491572	1.430203	1.335752
6123	88.147951	88.085056	0.062895	1.909806	1.554423	1.171739	2.523174	0.000000	1.175483
6124	88.512470	88.412789	0.099681	1.220112	2.526433	0.834242	3.790643	0.788674	1.310506
6125	88.246052	88.354826	-0.108775	2.351700	1.203661	0.688308	0.596618	1.062355	1.409177
6126	88.437082	88.706893	-0.269811	2.737355	0.601570	1.559273	1.892175	0.815510	1.503898
6127	87.878688	88.165693	-0.287005	2.878483	0.135130	1.341128	1.795859	1.437891	1.502811
6128	88.535365	88.376355	0.159009	1.840849	1.279331	1.620930	1.307935	0.399989	0.686821
6129	87.614331	87.441898	0.172433	1.683768	2.837353	0.968792	1.330107	0.598635	1.834162
6130	87.594091	87.781600	-0.187509	2.365684	1.636835	1.111217	2.365107	0.446832	1.310649
6131	87.621229	87.951640	-0.330411	1.268578	2.484318	1.574781	1.787996	0.317908	2.239981
6132	87.622587	87.657501	-0.034914	2.090013	0.316893	1.315749	0.627323	1.919716	0.523940
6133	87.764910	87.596631	0.168280	1.954988	2.427891	0.321908	3.313013	0.387906	1.780601
6134	88.150164	88.232440	-0.082276	1.523685	0.470536	1.726526	3.496349	2.108287	2.324912
6135	87.867314	87.661240	0.206074	3.050977	1.559313	0.638123	2.081742	0.921384	1.081334
6136	88.130918	87.886682	0.244235	2.824809	1.405199	0.763355	2.116982	1.709236	2.319072
6137	88.512959	88.499131	0.013829	2.139276	3.189624	0.064124	4.183416	1.698307	1.908255
6138	88.507478	88.374093	0.133384	2.972532	0.635881	1.698610	2.076164	1.357647	0.681384
6139	88.303624	88.303738	-0.000115	1.567473	1.508405	1.600364	3.421870	3.216299	2.256044
6140	88.012552	88.117125	-0.104573	1.972877	0.920484	1.095147	2.881497	0.285935	2.123664
6141	88.111088	87.998077	0.113011	2.124996	2.117658	1.784263	4.460855	1.465124	2.160250
6142	88.570548	88.171045	0.399503	1.558670	2.003821	0.000000	2.978665	0.294448	1.576840
6143	88.846805	88.711786	0.135018	2.388538	2.409091	1.125854	5.488134	2.089664	2.933927
6144	88.623947	88.643265	-0.019318	2.523556	1.190309	1.248171	1.962014	1.007752	1.763999
6145	88.070456	88.121388	-0.050931	2.452221	0.754782	1.584981	1.812914	1.955638	1.378546
