11278	86.946511	86.567397	0.379114	3.648480	0.000000	3.987128	13379.000000
47459	88.323432	88.077713	0.245719	5.239728	0.000000	3.490194	12800.000000
43708	88.618224	87.775828	0.842396	4.014450	0.000000	0.000000	13054.000000
43941	87.265495	87.080114	0.185381	1.760647	0.000000	1.989908	13054.000000
43031	88.875232	88.804184	0.071047	12.376334	0.000000	4.027655	13095.000000
12728	87.610312	87.458411	0.151901	2.845276	0.000000	1.763815	13113.000000
42676	90.199247	90.147149	0.052098	10.724523	0.000000	3.553505	11892.000000
40376	86.774287	86.387170	0.387117	0.000000	0.000000	1.293232	13497.000000
48618	89.707421	88.543235	1.164187	14.671802	0.000000	4.920593	13438.000000
8586	87.940365	87.734497	0.205868	8.602996	0.000000	5.217587	13327.000000
4298	86.344100	86.515414	-0.171314	1.239547	0.000000	4.112091	13409.000000
12939	87.647607	87.580555	0.067052	1.768317	0.000000	1.578396	12710.000000
45564	89.330463	89.823643	-0.493180	5.923139	0.000000	1.561890	11797.000000
726	87.823820	88.018678	-0.194858	7.752279	0.000000	2.381411	13311.000000
22297	88.329448	88.446188	-0.116740	6.676387	0.000000	0.641134	12800.000000
47896	88.500480	88.553549	-0.053069	4.014642	0.000000	3.151579	12366.000000
7450	86.359304	86.272926	0.086378	0.600913	0.000000	7.144759	13489.000000
35703	90.097792	89.823276	0.274516	6.904260	0.000000	1.640072	11881.000000
25619	86.504727	86.418832	0.085895	0.644343	0.000000	2.876617	13495.000000
24687	86.523625	86.738301	-0.214677	2.070747	0.000000	3.340346	13183.000000
17631	88.842040	88.825504	0.016536	1.539181	0.000000	1.547976	11892.000000
49502	86.325887	86.425863	-0.099976	0.357707	0.000000	2.202053	13484.000000
35156	87.910683	88.260979	-0.350296	1.157726	0.000000	5.045234	12248.000000
21880	88.690530	87.929942	0.760588	4.869699	0.000000	0.865302	12994.000000
26665	86.468330	86.622491	-0.154161	0.000000	0.000000	7.155049	13440.000000
6303	88.415261	87.872546	0.542715	3.890543	0.000000	3.339427	12628.000000
41001	86.949296	86.776530	0.172766	2.271644	0.000000	3.686700	13141.000000
26007	86.553445	86.290014	0.263431	0.784472	0.000000	2.994905	13491.000000
3571	87.313144	86.854822	0.458322	4.547073	0.000000	4.487080	13322.000000
50295	86.572228	86.460332	0.111896	2.258375	0.000000	6.443788	13183.000000
25484	87.265738	87.130718	0.135020	3.081470	0.000000	0.724326	13493.000000
30946	87.075865	86.490190	0.585674	2.786077	0.000000	3.710737	13329.000000
12713	86.759054	86.916601	-0.157547	2.336285	0.000000	3.222814	13113.000000
45914	87.836518	87.856434	-0.019917	3.965703	0.000000	3.715410	12626.000000
1217	86.925715	87.140929	-0.215214	3.765168	0.000000	0.000000	13440.000000
9224	86.814526	86.847844	-0.033318	1.046606	0.000000	2.524547	13155.000000
619	87.603178	87.774766	-0.171588	7.584212	0.000000	2.400982	13491.000000
32150	87.566193	87.500898	0.065295	2.049814	0.000000	2.151187	12749.000000
25940	86.213088	86.270133	-0.057045	2.740967	0.000000	4.724564	13491.000000
8957	87.816505	87.505093	0.311411	4.953633	0.000000	4.017103	13155.000000
36828	87.156309	86.335565	0.820745	3.360835	0.000000	7.356771	13379.000000
35795	89.571637	88.951164	0.620473	3.813353	0.000000	3.596535	11881.000000
7848	87.027954	87.048994	-0.021040	0.852537	0.000000	0.354999	13230.000000
31628	86.682979	86.798571	-0.115593	2.957542	0.000000	3.068839	13187.000000
26966	86.566507	86.293592	0.272915	1.175376	0.000000	2.776127	13495.000000
4528	87.176160	86.297318	0.878841	2.802436	0.000000	5.181032	13409.000000
24293	86.488153	86.828591	-0.340438	4.658482	0.000000	4.993973	13322.000000
23206	86.433642	86.376899	0.056743	0.910004	0.000000	2.027761	13438.000000
41887	88.575251	88.320892	0.254359	3.612264	0.000000	0.546049	12651.000000
10798	88.106385	87.885332	0.221053	5.164155	0.000000	4.228471	12803.000000
48554	86.787207	86.579311	0.207896	3.012955	0.000000	4.032274	13438.000000
25995	87.756838	87.157575	0.599263	4.549570	0.000000	1.537001	13491.000000
34559	87.497986	86.950294	0.547692	0.659426	0.000000	1.114146	13155.000000
39520	90.238620	90.120312	0.118308	11.619419	0.000000	3.661100	12025.000000
13854	89.751795	89.496076	0.255719	5.294095	0.000000	0.000000	11875.000000
43449	87.362508	87.287374	0.075134	3.928596	0.000000	3.043813	13171.000000
20357	90.012025	89.354526	0.657499	2.704861	0.000000	0.725567	11797.000000
18383	88.870701	88.379823	0.490878	10.877823	0.000000	5.118905	13171.000000
6056	86.749570	86.871822	-0.122252	1.922631	0.000000	1.806737	13187.000000
1761	86.572929	86.534966	0.037963	1.754772	0.000000	1.513752	13491.000000
26642	86.846897	87.235989	-0.389093	4.208546	0.000000	2.534477	13440.000000
42319	89.387135	89.240756	0.146378	6.243553	0.000000	1.176254	12211.000000
36656	86.802178	86.649435	0.152743	2.359271	0.000000	2.176565	13379.000000
47140	87.717176	87.376384	0.340792	3.493089	0.000000	3.022014	12994.000000
19346	89.040266	88.671866	0.368400	11.926414	0.000000	2.076805	13213.000000
32893	87.540196	87.531432	0.008764	6.435583	0.000000	3.200512	13489.000000
35856	90.050123	89.584511	0.465611	1.825562	0.000000	3.199979	11308.000000
16370	87.742960	87.656355	0.086605	4.744996	0.000000	1.462186	13150.000000
19417	87.524678	87.595647	-0.070969	4.170684	0.000000	1.461680	13213.000000
45881	87.692548	87.693566	-0.001017	1.168219	0.000000	1.112837	12626.000000
29074	86.598794	86.745442	-0.146648	2.668961	0.000000	3.929502	13322.000000
18426	87.334294	87.406526	-0.072232	2.335025	0.000000	1.631325	13054.000000
35817	88.885734	89.096889	-0.211156	1.494193	0.000000	0.704046	11881.000000
10173	89.130246	88.989337	0.140909	3.100816	0.000000	2.886670	11881.000000
49341	86.731867	86.840882	-0.109016	0.113400	0.000000	4.582038	13271.000000
49537	86.547010	86.523689	0.023321	0.006537	0.000000	6.105501	13484.000000
28392	86.591787	86.455590	0.136197	0.000000	0.000000	5.462957	13447.000000
13399	87.129427	86.867397	0.262030	3.518356	0.000000	4.560448	13230.000000
6411	87.896766	87.840252	0.056514	0.272189	0.000000	3.585064	12628.000000
37296	86.959834	86.652970	0.306864	3.610511	0.000000	3.797643	13407.000000
35507	88.705909	88.900034	-0.194125	0.539950	0.000000	3.207761	11881.000000
38110	88.483557	87.631276	0.852281	5.043874	0.000000	3.236924	13113.000000
6038	87.482761	87.100170	0.382591	4.796287	0.000000	4.821760	13187.000000
41390	86.621356	86.540340	0.081017	2.227713	0.000000	3.228532	13285.000000
23616	87.157146	86.833036	0.324110	3.593232	0.000000	4.005615	13271.000000
10810	87.573976	87.602368	-0.028392	4.123923	0.000000	4.739950	12803.000000
30706	86.236119	86.632973	-0.396854	4.158289	0.000000	5.038082	13421.000000
41748	87.235675	86.942465	0.293210	2.874741	0.000000	3.361346	13150.000000
47342	89.131996	88.915902	0.216094	11.919951	0.000000	2.155673	12994.000000
22319	87.720640	87.548485	0.172155	3.753853	0.000000	3.707493	12800.000000
3741	86.568510	86.680111	-0.111601	1.826208	0.000000	2.454835	13322.000000
21783	88.702770	88.281766	0.421004	6.158652	0.000000	1.792740	12994.000000
39895	89.092531	88.688502	0.404030	2.881647	0.000000	3.026245	11984.000000
37272	86.415330	86.671339	-0.256009	4.587033	0.000000	5.595511	13407.000000
19229	87.434625	87.377583	0.057042	4.881355	0.000000	3.919286	13213.000000
6199	87.328894	86.909104	0.419790	1.724624	0.000000	1.830435	13187.000000
15757	86.446957	86.813171	-0.366214	1.440861	0.000000	3.165391	13141.000000
48118	87.729521	88.089652	-0.360131	5.611832	0.000000	3.734937	12772.000000
6635	87.763229	88.011695	-0.248466	3.687787	0.000000	2.452502	12749.000000
44883	87.740671	87.331373	0.409298	3.352031	0.000000	2.433490	13104.000000
6642	88.056191	87.861364	0.194828	4.476854	0.000000	3.665272	12749.000000
29863	86.714793	86.505831	0.208962	2.021441	0.000000	2.452995	13409.000000
26925	86.282031	86.262719	0.019312	1.806129	0.000000	3.013028	13495.000000
12374	87.156621	87.100944	0.055677	1.949094	0.000000	1.488270	13183.000000
26769	87.027398	86.810819	0.216579	5.480115	0.000000	5.596130	13440.000000
34874	88.760542	88.651194	0.109348	3.585476	0.000000	0.879812	12401.000000
36087	90.354920	90.011249	0.343671	5.777929	0.000000	4.722986	11308.000000
49240	87.047182	86.430899	0.616283	2.317512	0.000000	7.024153	13271.000000
3876	86.589474	86.579025	0.010449	3.523671	0.000000	4.260194	13490.000000
2654	86.508648	86.455928	0.052720	0.000000	0.000000	4.486399	13487.000000
39261	89.346879	89.347915	-0.001037	4.405946	0.000000	2.691729	11889.000000
12228	87.222159	87.288869	-0.066709	2.840830	0.000000	1.785540	13183.000000
25665	86.528626	86.555280	-0.026655	0.149547	0.000000	0.107516	13495.000000
38785	89.519677	88.200165	1.319512	7.947720	0.000000	3.346429	13230.000000
7365	86.525098	86.395594	0.129503	1.791159	0.000000	1.828283	13489.000000
2448	87.183168	86.623995	0.559173	4.389768	0.000000	4.748531	13485.000000
34175	87.144580	86.805222	0.339358	1.544391	0.000000	1.276536	13327.000000
49815	86.841562	87.076251	-0.234688	1.853911	0.000000	0.624606	13322.000000
39687	88.834729	88.812430	0.022298	4.521562	0.000000	4.752203	12025.000000
24510	86.799262	86.983312	-0.184050	3.506031	0.000000	2.992561	13322.000000
50196	86.958361	86.967075	-0.008714	0.000000	0.000000	3.994868	13183.000000
6065	86.992738	86.871837	0.120902	3.759947	0.000000	4.973052	13187.000000
39307	88.505264	88.904800	-0.399536	1.357609	0.000000	1.519094	11889.000000
26716	87.815927	87.728582	0.087346	6.862859	0.000000	0.582259	13440.000000
30904	86.868129	87.106580	-0.238451	2.904434	0.000000	1.251577	13329.000000
37014	86.514374	86.505598	0.008776	0.000000	0.000000	1.972160	13488.000000
32385	87.337225	87.350636	-0.013411	1.863096	0.000000	6.193500	12749.000000
4274	87.076927	86.901057	0.175870	3.874116	0.000000	3.656420	13409.000000
34930	87.895580	88.043082	-0.147501	1.234561	0.000000	1.184692	12401.000000
34164	86.790656	86.691254	0.099402	0.000000	0.000000	2.768852	13327.000000
50423	87.072513	86.940041	0.132471	3.603224	0.000000	3.981426	13183.000000
12334	87.467842	86.979266	0.488576	3.424162	0.000000	3.879196	13183.000000
44739	88.636160	88.312052	0.324108	8.278007	0.000000	2.492553	13104.000000
12907	88.691571	88.900483	-0.208912	8.265601	0.000000	0.748097	12710.000000
20749	88.982802	88.748079	0.234723	6.571068	0.000000	1.691762	12626.000000
42958	88.445460	88.402567	0.042893	7.918224	0.000000	0.042479	13095.000000
46393	88.744989	88.360588	0.384401	9.625536	0.000000	3.527519	13310.000000
25971	86.658883	86.392922	0.265961	0.000000	0.000000	5.380562	13491.000000
42523	89.482571	89.448894	0.033677	4.550430	0.000000	1.056801	11892.000000
18788	86.777045	86.920633	-0.143588	0.808810	0.000000	0.301804	13286.000000
43380	88.416440	87.831190	0.585250	5.274484	0.000000	0.694920	13171.000000
26965	86.066397	86.106975	-0.040578	2.433548	0.000000	4.911364	13495.000000
45033	89.325171	89.410215	-0.085044	9.748716	0.000000	2.465604	12471.000000
44787	89.125968	88.284159	0.841809	7.524951	0.000000	0.934388	13104.000000
24573	86.965076	86.619840	0.345236	2.258719	0.000000	3.291492	13322.000000
27564	86.522710	86.129640	0.393070	2.019606	0.000000	6.070807	13491.000000
39523	89.784012	89.148904	0.635107	5.073369	0.000000	2.857576	12025.000000
32903	86.519102	86.546280	-0.027178	0.000000	0.000000	0.522058	13489.000000
35549	89.355095	89.090435	0.264661	4.112504	0.000000	3.861350	11881.000000
30855	86.652036	86.606092	0.045944	3.367464	0.000000	4.829859	13329.000000
13142	88.971141	88.161667	0.809474	3.329043	0.000000	0.737151	12710.000000
25009	86.556393	86.402630	0.153762	3.597589	0.000000	5.070471	13463.000000
47083	88.968932	88.934390	0.034542	12.154452	0.000000	3.585094	12994.000000
45618	89.119554	89.030094	0.089459	3.808621	0.000000	3.644151	11797.000000
10913	87.244466	87.501424	-0.256958	4.326488	0.000000	4.757496	12803.000000
8379	86.563813	86.644893	-0.081080	0.896159	0.000000	2.850815	13320.000000
33683	87.702145	87.225786	0.476359	3.291903	0.000000	5.083539	12846.000000
29604	86.690303	86.533546	0.156757	2.723552	0.000000	3.048275	13490.000000
1782	86.494906	86.529841	-0.034935	1.413080	0.000000	1.560138	13491.000000
1537	86.206473	86.304057	-0.097584	1.165788	0.000000	4.868927	13495.000000
19523	87.405909	87.238467	0.167442	3.984282	0.000000	3.765415	13104.000000
12883	88.271190	87.696473	0.574717	3.363468	0.000000	3.068783	12710.000000
42427	89.308767	89.004850	0.303917	5.531621	0.000000	3.395010	12211.000000
29910	86.732985	87.008319	-0.275334	3.842609	0.000000	3.155140	13409.000000
47377	88.701574	88.488916	0.212658	6.799821	0.000000	0.032473	12800.000000
32279	87.754578	87.131932	0.622646	3.084459	0.000000	7.946673	12749.000000
47071	88.224802	87.991517	0.233285	4.642965	0.000000	1.071253	12994.000000
17548	89.590936	88.986323	0.604613	1.957550	0.000000	1.413579	11892.000000
2176	86.953183	86.605369	0.347813	2.499722	0.000000	2.561129	13485.000000
32485	86.527366	86.744560	-0.217194	3.421300	0.000000	3.794152	13363.000000
12173	87.092485	86.989037	0.103448	0.691178	0.000000	0.386010	13183.000000
11659	86.858559	86.567375	0.291184	2.596874	0.000000	2.806752	13488.000000
22830	87.419061	87.481066	-0.062005	2.427949	0.000000	3.264495	12772.000000
3887	86.542057	86.849470	-0.307413	4.554261	0.000000	4.476812	13490.000000
36058	90.063398	89.804391	0.259007	1.011866	0.000000	0.609761	11308.000000
101	87.446505	86.891701	0.554804	3.579166	0.000000	2.517838	13495.000000
9269	87.843756	87.753896	0.089861	4.765228	0.000000	0.038728	13155.000000
30278	86.362961	86.528947	-0.165986	0.823822	0.000000	1.748392	13490.000000
28748	87.061036	87.302028	-0.240992	4.898802	0.000000	3.401024	13255.000000
27412	87.533619	86.922349	0.611271	3.039415	0.000000	1.738833	13491.000000
27694	86.610190	86.426193	0.183997	0.616633	0.000000	4.084275	13485.000000
3556	87.649469	87.024229	0.625240	3.162770	0.000000	2.618588	13322.000000
23449	87.625553	87.337224	0.288329	5.553478	0.000000	3.679500	13375.000000
11690	87.080504	86.511787	0.568717	1.802114	0.000000	1.706378	13488.000000
25800	87.150543	86.288021	0.862522	3.354410	0.000000	4.737662	13495.000000
10728	87.960090	87.790242	0.169848	5.287978	0.000000	4.879770	12803.000000
49918	86.541942	86.663685	-0.121743	1.494637	0.000000	2.040838	13322.000000
50632	86.434243	86.145235	0.289008	1.984828	0.000000	5.713659	13463.000000
36671	87.793024	86.921175	0.871849	2.440243	0.000000	0.942641	13379.000000
24907	86.683347	86.652776	0.030571	2.182805	0.000000	6.599341	13183.000000
34357	87.082687	86.765430	0.317257	3.942690	0.000000	4.985793	13327.000000
6636	88.848408	88.579201	0.269207	9.448075	0.000000	5.587860	12749.000000
40038	88.684375	88.919257	-0.234883	4.659649	0.000000	5.761503	11984.000000
43816	87.035935	86.937724	0.098211	2.513226	0.000000	3.436747	13054.000000
16993	89.113145	88.972087	0.141058	4.277205	0.000000	0.839047	12211.000000
45518	89.254170	89.068416	0.185754	1.991778	0.000000	1.588931	11797.000000
27444	86.386058	86.611321	-0.225263	0.701202	0.000000	0.699342	13491.000000
50618	86.321562	86.376460	-0.054898	0.000000	0.000000	8.631442	13463.000000
41582	88.973852	87.904394	1.069457	5.418071	0.000000	1.274420	13150.000000
13517	88.398680	87.899002	0.499678	5.595571	0.000000	0.897808	13230.000000
42563	90.132945	89.054754	1.078191	2.458626	0.000000	1.383744	11892.000000
9043	87.017203	87.071200	-0.053997	3.108139	0.000000	3.029570	13155.000000
3676	86.599415	86.663233	-0.063818	2.361079	0.000000	3.177525	13322.000000
27132	86.477617	86.554952	-0.077335	0.580739	0.000000	0.000000	13495.000000
8686	86.505145	86.401179	0.103966	1.885082	0.000000	3.671826	13327.000000
5310	86.872818	87.041688	-0.168869	4.719255	0.000000	4.351208	13329.000000
24507	87.500631	87.300317	0.200314	4.309421	0.000000	3.126067	13322.000000
50205	86.955327	86.545364	0.409963	1.965167	0.000000	6.925354	13183.000000
37719	87.233763	86.989233	0.244529	1.607698	0.000000	1.149573	13183.000000
11159	86.988885	86.576533	0.412352	2.464612	0.000000	2.764493	13379.000000
32054	87.345064	87.292882	0.052182	2.398338	0.000000	3.631635	12749.000000
4629	87.118073	86.864395	0.253678	5.877816	0.000000	5.461641	13490.000000
43188	87.249876	86.972813	0.277063	3.495993	0.000000	4.296504	13095.000000
10875	87.978141	87.747863	0.230277	6.339943	0.000000	6.571321	12803.000000
3478	87.193361	86.650427	0.542934	0.139042	0.000000	2.375211	13255.000000
47051	88.359649	87.359557	1.000092	1.784389	0.000000	0.996800	12994.000000
42454	88.359535	88.421702	-0.062167	2.453679	0.000000	1.981209	12211.000000
81	87.611019	87.416674	0.194345	6.631418	0.000000	3.733680	13495.000000
25826	86.800190	86.078147	0.722042	3.139923	0.000000	7.239889	13495.000000
7442	86.391841	86.255572	0.136268	1.257134	0.000000	4.914228	13489.000000
40848	87.688816	87.601402	0.087414	3.830149	0.000000	1.365042	13141.000000
12531	87.150376	86.888752	0.261624	1.739183	0.000000	2.297694	13113.000000
17940	87.810129	87.060950	0.749179	2.698493	0.000000	2.569450	13095.000000
37183	86.433868	86.165540	0.268328	1.271458	0.000000	4.606276	13488.000000
1542	86.365200	86.283513	0.081686	0.000000	0.000000	7.063523	13495.000000
39619	89.258171	88.761136	0.497034	3.804947	0.000000	3.367155	12025.000000
20856	88.178075	87.702835	0.475240	3.858167	0.000000	4.393333	12626.000000
23155	87.643923	87.055769	0.588153	2.920625	0.000000	0.466254	13438.000000
31096	86.972952	86.599627	0.373325	4.212817	0.000000	6.824626	13329.000000
43106	87.438785	86.883124	0.555662	2.861054	0.000000	3.510167	13095.000000
46030	89.721502	88.587264	1.134237	5.572597	0.000000	0.000000	12626.000000
34213	87.056953	86.856351	0.200602	2.814006	0.000000	2.147280	13327.000000
35037	88.283637	88.216963	0.066674	2.362555	0.000000	1.922868	12401.000000
27215	86.326460	86.222865	0.103596	0.553975	0.000000	5.744477	13495.000000
47334	87.570372	87.377808	0.192564	1.280595	0.000000	0.575905	12994.000000
17071	88.466409	88.548320	-0.081911	2.920849	0.000000	2.117581	12211.000000
42982	88.288645	87.689455	0.599190	4.210672	0.000000	0.560494	13095.000000
25339	87.126656	86.338476	0.788180	0.971255	0.000000	1.786562	13493.000000
49717	86.814244	86.661643	0.152600	0.725788	0.000000	0.408801	13484.000000
47744	88.943454	88.726299	0.217155	4.508902	0.000000	1.301064	12366.000000
23551	86.629501	86.658595	-0.029094	4.337663	0.000000	5.283403	13375.000000
28404	86.624866	86.711371	-0.086506	0.622369	0.000000	0.259045	13447.000000
45794	88.923053	88.752678	0.170375	6.671583	0.000000	0.000000	12626.000000
38059	87.832787	87.515323	0.317465	3.604121	0.000000	2.460064	13113.000000
17377	89.037977	89.138044	-0.100067	3.033096	0.000000	1.343582	11892.000000
49574	86.796578	86.594010	0.202568	4.792731	0.000000	5.562582	13484.000000
41999	88.250199	87.730168	0.520031	0.766283	0.000000	1.514867	12651.000000
46892	87.262959	87.520751	-0.257792	2.843342	0.000000	1.361667	13143.000000
18033	88.499472	88.216320	0.283151	8.497786	0.000000	3.829160	13171.000000
38460	88.846941	88.797359	0.049582	7.673788	0.000000	2.705340	12710.000000
47159	87.454929	87.774720	-0.319792	3.013072	0.000000	0.530440	12994.000000
4307	86.851483	86.336929	0.514554	2.862763	0.000000	4.077193	13409.000000
11656	86.965798	86.601392	0.364407	2.200454	0.000000	2.105913	13488.000000
47146	87.831556	87.874797	-0.043241	5.197785	0.000000	3.306323	12994.000000
33671	87.367558	87.374387	-0.006829	2.153153	0.000000	3.533984	12846.000000
34677	87.678723	87.103111	0.575612	4.098991	0.000000	3.990815	13155.000000
37288	86.515577	86.664110	-0.148533	0.453450	0.000000	4.654600	13407.000000
16272	88.011518	88.101880	-0.090362	8.521948	0.000000	3.181220	13285.000000
19785	88.462364	88.053286	0.409078	5.829967	0.000000	1.421689	13104.000000
23079	88.537875	88.310705	0.227170	11.091949	0.000000	1.175487	13438.000000
19043	88.487897	88.365847	0.122050	9.641171	0.000000	0.876113	13286.000000
5643	87.037611	86.547856	0.489755	2.024704	0.000000	2.247295	13487.000000
14084	89.053760	88.740000	0.313759	4.092907	0.000000	3.578337	12025.000000
25300	86.240840	86.359104	-0.118264	1.058889	0.000000	6.770015	13493.000000
43909	86.905958	87.063757	-0.157799	2.383098	0.000000	2.458226	13054.000000
18763	87.317538	87.285704	0.031834	3.401186	0.000000	0.000000	13286.000000
41	87.032740	86.783308	0.249432	1.759617	0.000000	0.000000	13495.000000
520	86.514342	86.350154	0.164188	1.286302	0.000000	3.270976	13491.000000
7207	86.679223	86.617063	0.062160	1.609182	0.000000	1.789714	13363.000000
21274	88.758825	88.606981	0.151844	12.394682	0.000000	1.825657	13310.000000
7615	86.616315	86.560035	0.056280	0.401209	0.000000	0.000000	13489.000000
14881	87.292078	86.856376	0.435703	5.240764	0.000000	4.804626	13497.000000
11949	87.216520	86.565720	0.650800	3.413043	0.000000	4.249122	13407.000000
36337	87.408511	87.401367	0.007144	0.294863	0.000000	6.044178	12803.000000
26118	87.423346	86.620111	0.803235	0.343026	0.000000	0.621094	13491.000000
48473	87.114713	86.222407	0.892306	2.372113	0.000000	4.866085	13438.000000
16366	87.896552	87.996321	-0.099769	5.745115	0.000000	2.029606	13150.000000
42638	89.002305	89.085536	-0.083232	1.457350	0.000000	0.152659	11892.000000
30980	86.558218	86.851528	-0.293310	2.034894	0.000000	2.296275	13329.000000
23132	87.990981	88.126020	-0.135040	10.024201	0.000000	4.328100	13438.000000
40664	87.689460	87.551251	0.138209	6.056804	0.000000	2.878513	13405.000000
7858	87.329670	86.927509	0.402161	0.468709	0.000000	0.330681	13230.000000
23832	86.730424	86.570062	0.160363	1.668280	0.000000	3.425739	13271.000000
574	86.403751	86.512602	-0.108851	3.452592	0.000000	4.018511	13491.000000
46551	86.780831	86.585937	0.194894	2.138841	0.000000	2.540887	13310.000000
28959	86.753487	86.715720	0.037768	0.000000	0.000000	6.654529	13255.000000
22885	86.909612	87.263766	-0.354153	4.204278	0.000000	1.824468	13438.000000
48931	86.990769	87.195549	-0.204780	2.988325	0.000000	0.000000	13375.000000
27222	86.621833	86.301776	0.320057	0.000000	0.000000	6.751356	13495.000000
32112	87.858371	87.911106	-0.052736	3.055459	0.000000	2.227597	12749.000000
7147	87.196050	86.749187	0.446862	5.843773	0.000000	6.712566	13363.000000
17269	90.945164	89.601535	1.343629	10.569599	0.000000	4.774679	12211.000000
14155	88.609470	88.681521	-0.072051	0.992691	0.000000	0.707419	12025.000000
46284	88.226075	88.091402	0.134672	9.291982	0.000000	1.945328	13439.000000
17697	87.939512	87.759576	0.179936	4.596591	0.000000	1.038055	13095.000000
47934	89.365564	89.084525	0.281039	6.522044	0.000000	2.976417	12366.000000
44632	87.211997	87.026451	0.185546	3.456923	0.000000	3.228783	13213.000000
8778	87.173642	86.580838	0.592804	1.188620	0.000000	6.462478	13327.000000
12469	88.273681	88.084429	0.189252	6.877351	0.000000	3.754103	13113.000000
10129	89.467790	89.068474	0.399316	5.586354	0.000000	5.653914	11881.000000
47992	88.612795	88.219045	0.393750	2.117687	0.000000	1.795765	12366.000000
23373	87.334729	86.888663	0.446066	1.154207	0.000000	0.510038	13375.000000
5186	86.958802	86.389085	0.569717	2.761542	0.000000	4.081754	13421.000000
1957	86.337992	86.361084	-0.023092	0.474899	0.000000	6.119124	13491.000000
25350	86.885986	86.682212	0.203774	1.199025	0.000000	0.001531	13493.000000
24161	86.840104	86.689701	0.150404	0.818585	0.000000	0.000000	13484.000000
33069	86.161877	86.143501	0.018376	2.238567	0.000000	5.559838	13489.000000
16515	87.456296	86.757520	0.698776	2.365745	0.000000	3.149708	13150.000000
23892	87.274928	86.599606	0.675322	2.558465	0.000000	3.764592	13271.000000
31563	87.850654	87.645466	0.205189	6.492213	0.000000	4.819164	13187.000000
19968	88.047233	88.150027	-0.102795	1.748206	0.000000	1.379352	12471.000000
8539	88.179871	88.119954	0.059917	10.174001	0.000000	5.093786	13320.000000
41122	86.793705	86.592152	0.201553	1.492470	0.000000	2.057344	13285.000000
49782	87.379870	87.468944	-0.089074	5.022429	0.000000	1.320604	13322.000000
35497	89.292411	89.053815	0.238596	3.601732	0.000000	3.287667	11881.000000
24879	86.627951	86.875068	-0.247116	0.389928	0.000000	7.176240	13183.000000
3504	87.856744	88.029938	-0.173194	10.091991	0.000000	6.054537	13255.000000
23971	86.554587	86.356338	0.198249	0.000000	0.000000	2.814103	13484.000000
14249	90.257609	89.672117	0.585492	7.845559	0.000000	4.152096	11984.000000
4858	86.602263	86.401598	0.200665	2.604939	0.000000	3.443648	13490.000000
6320	88.206601	88.459348	-0.252747	4.904870	0.000000	0.058130	12628.000000
14064	89.134540	88.799731	0.334809	5.589304	0.000000	5.197312	12025.000000
25804	87.066049	86.263750	0.802299	1.334617	0.000000	4.606371	13495.000000
22400	89.115749	89.127375	-0.011627	7.277770	0.000000	3.534656	12366.000000
2463	87.050790	86.632350	0.418440	4.575426	0.000000	4.999281	13487.000000
43521	87.824873	88.051966	-0.227093	6.906746	0.000000	3.035126	13171.000000
871	87.008819	86.908692	0.100127	1.290508	0.000000	0.000000	13311.000000
20975	90.680811	88.621252	2.059559	16.280603	0.000000	5.467614	13439.000000
12910	88.550424	88.700303	-0.149879	7.285059	0.000000	0.805857	12710.000000
33945	86.740875	86.634580	0.106295	0.421749	0.000000	1.464643	13320.000000
1844	86.814117	86.468677	0.345441	2.540898	0.000000	2.839733	13491.000000
15163	86.573321	86.963104	-0.389783	2.870463	0.000000	1.394603	13480.000000
40050	88.947239	88.844486	0.102753	5.035629	0.000000	7.025799	11984.000000
25688	86.967950	86.592717	0.375233	0.945359	0.000000	1.298928	13495.000000
506	87.025989	87.217349	-0.191361	4.596676	0.000000	0.000000	13491.000000
13281	87.497845	87.159132	0.338713	4.177956	0.000000	3.268924	13230.000000
43838	87.043051	86.986312	0.056739	1.431434	0.000000	2.988006	13054.000000
27158	86.690226	86.445384	0.244842	2.249264	0.000000	2.833913	13495.000000
7275	87.413917	87.093146	0.320771	5.729150	0.000000	5.127057	13363.000000
21198	86.790564	86.822734	-0.032170	0.151994	0.000000	3.821697	13310.000000
7653	87.548132	87.568947	-0.020815	8.699196	0.000000	5.308364	13489.000000
37610	87.104393	86.776766	0.327627	3.999128	0.000000	5.996044	13183.000000
19230	87.375654	86.736792	0.638862	2.314978	0.000000	3.475493	13213.000000
16974	89.763147	89.346496	0.416651	7.165223	0.000000	2.698106	12211.000000
43833	86.972277	87.099092	-0.126814	2.899261	0.000000	2.733985	13054.000000
33189	87.946818	87.187088	0.759730	1.820227	0.000000	0.000000	13230.000000
42398	88.737616	88.892326	-0.154709	3.644016	0.000000	0.323116	12211.000000
14286	90.100446	89.795280	0.305166	8.597893	0.000000	3.967056	11984.000000
35766	90.088493	89.222563	0.865930	4.020475	0.000000	2.362717	11881.000000
3210	87.289282	87.194251	0.095032	4.998708	0.000000	4.276361	13255.000000
37615	86.727195	86.800060	-0.072865	2.071361	0.000000	2.729406	13183.000000
15185	86.560390	86.273610	0.286780	0.935516	0.000000	6.682002	13480.000000
34684	87.554574	87.411466	0.143108	2.821759	0.000000	1.546011	13155.000000
24107	87.674775	87.493084	0.181691	5.429360	0.000000	1.634282	13484.000000
46615	89.418442	88.620061	0.798381	13.598424	0.000000	4.260476	13310.000000
10557	90.134088	89.943885	0.190203	1.989136	0.000000	0.682754	11308.000000
20550	87.875217	88.177880	-0.302664	3.901189	0.000000	2.998513	12626.000000
39377	88.782229	88.810563	-0.028334	3.685112	0.000000	3.640206	12025.000000
36737	88.057335	88.244629	-0.187294	9.739304	0.000000	3.310681	13379.000000
37978	87.238002	86.890201	0.347801	0.000000	0.000000	7.064400	13113.000000
42206	89.317700	89.004235	0.313465	4.251802	0.000000	1.390098	12211.000000
32077	87.975780	87.459735	0.516045	3.101438	0.000000	3.343682	12749.000000
8831	86.606735	86.664682	-0.057947	1.932321	0.000000	2.601950	13327.000000
4185	86.324040	86.364194	-0.040154	0.651179	0.000000	4.340821	13490.000000
8348	86.600421	86.614856	-0.014435	1.350163	0.000000	1.689973	13320.000000
47463	87.864366	88.185277	-0.320911	4.022706	0.000000	1.054270	12800.000000
45750	89.010367	88.857230	0.153136	7.352834	0.000000	0.885342	12626.000000
8823	86.571276	86.736826	-0.165550	1.009081	0.000000	1.759329	13327.000000
50292	86.916689	86.894511	0.022178	0.244839	0.000000	6.880262	13183.000000
5636	86.598206	86.636850	-0.038644	5.451344	0.000000	5.913563	13487.000000
49979	87.147053	86.634411	0.512641	3.561971	0.000000	4.965068	13322.000000
36148	89.535800	89.782003	-0.246203	4.645314	0.000000	5.437697	11308.000000
45759	87.945462	87.995804	-0.050342	2.117196	0.000000	1.362839	12626.000000
30055	86.328871	86.292743	0.036127	0.588188	0.000000	4.356727	13490.000000
45110	89.399163	88.643927	0.755237	4.246528	0.000000	1.023734	12471.000000
14524	89.783060	89.159453	0.623607	4.693809	0.000000	3.436262	11984.000000
48368	87.593044	87.881893	-0.288850	7.127436	0.000000	0.000000	13438.000000
49317	87.376378	87.379076	-0.002698	3.005228	0.000000	0.000000	13271.000000
5735	86.798002	86.657018	0.140984	4.726797	0.000000	5.426525	13487.000000
26540	87.789615	87.800842	-0.011227	6.356812	0.000000	1.239594	13311.000000
39305	88.527202	88.706390	-0.179187	2.835095	0.000000	2.928429	11889.000000
8917	88.000527	87.144118	0.856409	2.950973	0.000000	1.473377	13327.000000
9457	88.015371	88.062810	-0.047439	2.594009	0.000000	2.734998	12401.000000
20727	88.931093	88.586434	0.344659	5.347168	0.000000	1.240634	12626.000000
14364	89.153427	88.895168	0.258259	5.220059	0.000000	4.603657	11984.000000
28789	86.621465	86.741398	-0.119933	2.631996	0.000000	4.921038	13255.000000
14553	88.688469	88.720151	-0.031682	0.000000	0.000000	1.393559	11984.000000
39130	89.013018	88.854118	0.158900	0.323943	0.000000	0.356653	11889.000000
29794	86.726726	86.895096	-0.168370	2.261621	0.000000	1.689673	13409.000000
16692	88.679842	88.700153	-0.020311	6.727095	0.000000	2.776150	12651.000000
25798	86.553327	86.341544	0.211782	0.000000	0.000000	7.688390	13495.000000
16742	87.999501	88.353092	-0.353591	5.298221	0.000000	3.296405	12651.000000
41907	88.613774	88.298158	0.315616	3.949597	0.000000	1.086367	12651.000000
46664	87.980301	87.544810	0.435491	4.851092	0.000000	0.000000	13310.000000
46165	87.877391	88.073440	-0.196048	9.253592	0.000000	2.161264	13439.000000
19400	89.450184	88.574516	0.875668	11.914719	0.000000	5.253982	13213.000000
35765	89.975673	89.456145	0.519528	5.335615	0.000000	2.546815	11881.000000
37723	87.885973	87.775633	0.110340	4.779193	0.000000	1.453938	13183.000000
30560	88.191655	87.568618	0.623037	5.769375	0.000000	1.735535	13421.000000
43066	87.285229	87.285423	-0.000194	1.226493	0.000000	0.000000	13095.000000
29993	86.657317	86.622183	0.035134	0.000000	0.000000	7.467393	13409.000000
13482	87.259515	87.080482	0.179033	2.445549	0.000000	2.048857	13230.000000
42514	89.352691	88.906353	0.446338	3.218677	0.000000	3.198464	11892.000000
49880	86.592908	86.728489	-0.135581	0.670448	0.000000	1.177011	13322.000000
39396	89.462516	89.199977	0.262538	4.630815	0.000000	0.000000	12025.000000
45802	88.232637	87.943398	0.289239	2.663203	0.000000	2.278094	12626.000000
41746	86.796528	86.801502	-0.004974	1.482521	0.000000	3.295252	13150.000000
30709	86.167270	86.658033	-0.490763	3.531971	0.000000	5.178789	13421.000000
44864	87.406417	87.376554	0.029863	2.276167	0.000000	1.015701	13104.000000
3599	86.696046	86.732629	-0.036583	0.000000	0.000000	1.713587	13322.000000
14467	89.566749	89.017520	0.549230	4.472023	0.000000	3.903054	11984.000000
43030	88.993073	88.934177	0.058895	12.990185	0.000000	2.174664	13095.000000
39421	90.182539	89.327884	0.854654	4.643056	0.000000	1.940056	12025.000000
17190	89.123807	88.303825	0.819982	2.862961	0.000000	2.810750	12211.000000
9404	88.415660	88.139786	0.275874	4.429850	0.000000	4.739182	12401.000000
29262	86.863405	86.824798	0.038607	2.025414	0.000000	2.348336	13322.000000
7183	87.090503	86.805499	0.285004	5.183347	0.000000	5.452251	13363.000000
34153	86.968894	86.806316	0.162578	3.267602	0.000000	4.023361	13327.000000
2374	86.860140	86.015699	0.844441	2.833695	0.000000	5.641462	13485.000000
41940	88.363497	88.150565	0.212933	3.184566	0.000000	1.509124	12651.000000
2470	86.499130	86.387166	0.111964	3.126697	0.000000	3.379392	13487.000000
45326	88.137119	88.145334	-0.008214	1.121533	0.000000	0.899759	12471.000000
25538	86.358248	86.303205	0.055043	0.267674	0.000000	6.072482	13495.000000
20925	88.149905	87.872268	0.277637	7.959402	0.000000	3.325252	13439.000000
47107	88.127566	87.616701	0.510865	3.512863	0.000000	2.380621	12994.000000
35095	87.978733	88.102804	-0.124071	4.005761	0.000000	5.179974	12401.000000
41960	89.319693	88.842323	0.477369	7.505048	0.000000	1.014982	12651.000000
38802	88.886242	88.235937	0.650305	9.090472	0.000000	3.778518	13230.000000
42519	89.113584	89.038625	0.074959	1.691025	0.000000	0.800141	11892.000000
36600	86.751004	86.446071	0.304933	2.820712	0.000000	4.940779	13379.000000
50059	86.486954	86.676977	-0.190023	0.061371	0.000000	3.944885	13322.000000
47106	88.027968	87.932926	0.095042	4.324184	0.000000	0.466685	12994.000000
46756	88.186951	87.452448	0.734503	3.194662	0.000000	1.067528	13143.000000
5501	86.447649	86.688371	-0.240722	3.894890	0.000000	5.305418	13329.000000
38056	88.150658	88.109295	0.041363	6.226619	0.000000	1.483219	13113.000000
14700	86.702023	86.235659	0.466364	3.723446	0.000000	5.595853	13497.000000
1289	86.884624	86.906630	-0.022006	3.385232	0.000000	2.574059	13440.000000
1457	86.722056	86.495285	0.226771	3.494322	0.000000	3.913003	13495.000000
48798	87.160257	86.608709	0.551548	3.266050	0.000000	3.205761	13375.000000
19130	87.231929	86.910175	0.321755	1.397685	0.000000	1.281558	13213.000000
547	86.696717	86.456724	0.239993	1.368088	0.000000	1.343269	13491.000000
36547	86.476506	86.659443	-0.182937	3.783352	0.000000	4.501626	13379.000000
15348	87.145668	87.020887	0.124781	3.276678	0.000000	2.211315	13405.000000
315	87.490173	87.704613	-0.214440	7.047320	0.000000	3.060557	13495.000000
26481	86.958685	87.014722	-0.056037	1.575597	0.000000	0.000000	13311.000000
3849	87.039057	86.359488	0.679568	2.031065	0.000000	7.880456	13322.000000
31331	86.403094	86.498093	-0.095000	1.654325	0.000000	1.672005	13487.000000
22208	89.555440	88.829687	0.725753	8.245464	0.000000	0.420341	12800.000000
39095	90.504858	90.001149	0.503708	9.249352	0.000000	0.984455	11875.000000
15642	87.130212	86.843683	0.286529	1.628946	0.000000	0.678679	13405.000000
49436	86.841801	86.822951	0.018851	1.846657	0.000000	0.000000	13484.000000
4115	86.498477	86.363152	0.135325	3.522522	0.000000	5.651366	13490.000000
30041	86.474988	86.307339	0.167649	1.122636	0.000000	5.525509	13409.000000
25193	86.216231	86.413577	-0.197345	1.521217	0.000000	7.186980	13463.000000
50098	86.799366	86.611539	0.187827	2.493296	0.000000	4.264726	13322.000000
3440	86.812377	86.969810	-0.157433	2.531585	0.000000	2.341837	13255.000000
26258	86.836366	86.533357	0.303009	1.261747	0.000000	7.882506	13311.000000
32897	86.431643	86.215581	0.216062	0.000000	0.000000	7.545612	13489.000000
10114	89.945319	89.058333	0.886986	6.047705	0.000000	5.490084	11881.000000
29093	86.659286	86.643280	0.016006	0.000000	0.000000	2.210869	13322.000000
23152	87.398787	87.262887	0.135899	3.887680	0.000000	2.309001	13438.000000
29221	86.779139	86.919294	-0.140155	1.338427	0.000000	0.614722	13322.000000
4604	86.836863	86.313532	0.523331	1.435948	0.000000	7.439397	13490.000000
19727	90.585014	88.550311	2.034703	9.323042	0.000000	0.564071	13104.000000
50441	86.671800	86.864737	-0.192938	3.237751	0.000000	4.358741	13183.000000
30441	86.603961	86.613831	-0.009870	0.232743	0.000000	1.708798	13421.000000
41342	87.385748	87.140978	0.244770	5.692001	0.000000	5.294309	13285.000000
5322	86.515123	86.684334	-0.169211	1.760355	0.000000	2.272611	13329.000000
17172	89.080407	89.009565	0.070842	5.523363	0.000000	3.094889	12211.000000
50091	86.712007	86.786545	-0.074538	1.729312	0.000000	1.743664	13322.000000
6033	87.419573	87.170992	0.248581	4.285480	0.000000	4.391845	13187.000000
22301	88.045779	88.117654	-0.071875	4.650652	0.000000	2.596104	12800.000000
27926	86.395121	86.249925	0.145196	0.810056	0.000000	4.687821	13485.000000
14321	89.608754	89.267747	0.341006	5.165287	0.000000	3.686159	11984.000000
17761	88.077304	88.440640	-0.363337	8.622778	0.000000	3.219496	13095.000000
1107	87.041477	86.742777	0.298700	0.471950	0.000000	0.211139	13440.000000
6577	88.259698	88.489320	-0.229622	6.005078	0.000000	3.274184	12628.000000
31937	88.448871	88.100332	0.348539	3.363255	0.000000	2.571036	12628.000000
39256	89.877038	89.455266	0.421772	6.070167	0.000000	3.515712	11889.000000
23395	89.412374	88.667899	0.744475	14.872133	0.000000	4.784611	13375.000000
39155	89.716935	89.537032	0.179902	4.696597	0.000000	2.021421	11875.000000
2493	87.060290	86.724295	0.335995	6.115596	0.000000	6.665393	13487.000000
43035	89.231903	89.120553	0.111350	15.323863	0.000000	3.408479	13095.000000
10565	90.559750	90.074764	0.484986	4.151202	0.000000	2.937859	11308.000000
47258	87.626625	87.709617	-0.082992	2.462358	0.000000	0.104689	12994.000000
29554	86.674363	86.767890	-0.093527	2.255373	0.000000	0.022064	13490.000000
24901	87.067454	86.592939	0.474515	2.079680	0.000000	5.711551	13183.000000
18422	87.309779	87.064178	0.245602	0.000000	0.000000	4.632683	13054.000000
27514	86.303976	86.317615	-0.013639	0.000000	0.000000	3.450483	13491.000000
20241	89.040516	89.171130	-0.130614	2.662262	0.000000	2.296660	11797.000000
16893	89.481648	89.248535	0.233113	10.996137	0.000000	3.096220	12651.000000
40512	89.135814	88.405857	0.729957	12.397097	0.000000	3.161894	13405.000000
32687	86.588600	86.576336	0.012264	0.000000	0.000000	6.757610	13363.000000
8837	86.433831	86.478889	-0.045059	1.803353	0.000000	3.823820	13327.000000
17713	87.378012	87.496537	-0.118526	2.539801	0.000000	0.951708	13095.000000
15132	86.514999	86.408578	0.106421	0.000000	0.000000	4.042991	13480.000000
17937	87.600120	87.438725	0.161395	2.635818	0.000000	1.683252	13095.000000
33001	86.253072	86.176068	0.077004	2.458345	0.000000	3.884695	13489.000000
20832	87.781155	87.694007	0.087148	3.033984	0.000000	3.423505	12626.000000
43676	89.199187	88.261146	0.938041	6.523939	0.000000	1.938066	13054.000000
44477	88.774777	88.294158	0.480618	9.004571	0.000000	3.319991	13213.000000
48039	89.127763	89.146040	-0.018276	6.791634	0.000000	2.162695	12366.000000
47027	88.213183	87.568817	0.644366	2.632514	0.000000	1.097726	12994.000000
20927	87.618943	86.843770	0.775173	2.012624	0.000000	0.000000	13439.000000
26496	87.977455	87.981546	-0.004091	7.058048	0.000000	1.553354	13311.000000
7640	86.996715	86.897015	0.099699	2.820286	0.000000	1.855748	13489.000000
6819	87.870235	87.793672	0.076563	5.251120	0.000000	5.323389	12749.000000
5770	86.213023	86.498814	-0.285791	2.304769	0.000000	2.713546	13487.000000
25808	86.191036	86.387109	-0.196073	0.434420	0.000000	7.341383	13495.000000
11787	87.562878	87.194724	0.368154	4.062750	0.000000	2.804113	13407.000000
10429	91.196409	90.232518	0.963891	6.014445	0.000000	3.444446	11308.000000
48800	87.119896	86.618449	0.501447	2.822883	0.000000	3.520602	13375.000000
22924	86.606004	86.631443	-0.025439	2.644878	0.000000	2.493584	13438.000000
45645	89.552088	89.175899	0.376189	4.170851	0.000000	3.711313	11797.000000
22847	87.416829	87.521817	-0.104988	1.152311	0.000000	1.050293	12772.000000
11439	87.952812	87.169478	0.783334	4.610510	0.000000	2.441017	13488.000000
19575	87.281081	87.216268	0.064814	3.124959	0.000000	2.651895	13104.000000
5159	86.252219	86.409813	-0.157594	2.879869	0.000000	4.582707	13421.000000
11319	86.910162	86.452840	0.457322	1.418015	0.000000	2.840216	13379.000000
2417	86.983792	86.341425	0.642367	2.417418	0.000000	2.679648	13485.000000
19416	87.424986	87.520235	-0.095249	6.253775	0.000000	4.264747	13213.000000
32136	87.847855	87.574944	0.272911	3.246374	0.000000	3.468364	12749.000000
8133	87.507113	87.381212	0.125902	2.570414	0.000000	2.954268	12846.000000
46510	87.074456	87.107703	-0.033247	2.134557	0.000000	0.000000	13310.000000
12543	87.577905	87.122115	0.455790	3.515689	0.000000	3.258487	13113.000000
17191	88.670663	88.293155	0.377508	1.290500	0.000000	3.371753	12211.000000
20683	89.029482	89.173224	-0.143742	9.779100	0.000000	3.002470	12626.000000
2598	86.543826	86.437145	0.106680	0.000000	0.000000	5.017115	13487.000000
45039	88.750125	88.320561	0.429564	2.275986	0.000000	0.616184	12471.000000
44495	87.531036	87.103374	0.427662	2.422667	0.000000	1.644538	13213.000000
44446	88.393533	88.114202	0.279331	7.548722	0.000000	3.433529	13213.000000
40604	88.291969	88.419767	-0.127799	12.146481	0.000000	4.238001	13405.000000
47420	89.914164	89.446101	0.468063	14.478447	0.000000	3.297559	12800.000000
48652	87.556093	86.639449	0.916645	0.755667	0.000000	0.117550	13438.000000
107	86.129724	86.472934	-0.343210	0.302985	0.000000	5.514774	13495.000000
11510	86.293975	86.262132	0.031843	2.698174	0.000000	4.554309	13488.000000
44907	87.512770	87.617716	-0.104945	4.064904	0.000000	2.886903	13104.000000
31473	87.330231	86.459245	0.870986	4.199290	0.000000	4.894005	13487.000000
34325	86.446623	86.633550	-0.186927	1.940431	0.000000	2.001558	13327.000000
18058	87.113032	87.063042	0.049990	0.913521	0.000000	0.000000	13171.000000
469	87.587171	87.774387	-0.187215	7.658956	0.000000	2.646815	13491.000000
44404	87.768781	86.878426	0.890355	1.520915	0.000000	1.685339	13213.000000
36824	86.483897	86.451110	0.032788	0.532606	0.000000	8.341209	13379.000000
11309	87.151265	86.985241	0.166024	5.838132	0.000000	5.361624	13379.000000
16752	87.490727	87.724968	-0.234241	1.607947	0.000000	1.575258	12651.000000
17662	87.673716	87.364721	0.308995	2.791659	0.000000	1.661030	13095.000000
30923	86.427914	86.435080	-0.007166	1.409837	0.000000	5.315034	13329.000000
26527	87.257572	87.507484	-0.249912	4.738386	0.000000	0.000000	13311.000000
43746	88.605426	88.373711	0.231715	9.225776	0.000000	4.063392	13054.000000
30983	87.159013	86.595211	0.563803	2.637353	0.000000	3.092702	13329.000000
15156	86.999234	86.630674	0.368560	3.558753	0.000000	3.483367	13480.000000
30263	86.924989	86.843141	0.081848	2.388742	0.000000	1.546776	13490.000000
49309	87.929534	87.370140	0.559394	6.984061	0.000000	5.348058	13271.000000
1259	86.801383	86.999027	-0.197644	4.180816	0.000000	3.034519	13440.000000
15284	86.689658	86.743029	-0.053371	2.950724	0.000000	2.216140	13480.000000
7068	86.557374	86.731286	-0.173912	1.966548	0.000000	1.879366	13363.000000
1597	86.523179	86.269266	0.253913	3.217175	0.000000	5.548147	13495.000000
38325	87.403461	87.643462	-0.240001	0.509250	0.000000	0.586262	12710.000000
29624	86.509114	86.439990	0.069124	0.000000	0.000000	3.062076	13490.000000
20719	87.794235	87.770321	0.023914	0.221833	0.000000	0.126026	12626.000000
47969	88.565599	88.301145	0.264454	2.273958	0.000000	0.718250	12366.000000
31796	88.523152	88.151550	0.371602	3.010724	0.000000	1.908385	12628.000000
50206	86.515231	86.608561	-0.093330	1.887007	0.000000	6.776404	13183.000000
43182	87.280370	87.259009	0.021361	2.787422	0.000000	2.372949	13095.000000
10348	90.367309	90.049670	0.317639	2.614100	0.000000	0.925921	11308.000000
22528	89.060790	88.890633	0.170158	5.871561	0.000000	0.331042	12366.000000
41622	88.262111	88.188264	0.073847	8.027320	0.000000	2.633936	13150.000000
32673	87.100417	86.614860	0.485557	3.560862	0.000000	5.836979	13363.000000
4874	86.575781	86.543271	0.032510	0.601762	0.000000	0.634883	13490.000000
22608	88.394352	88.156151	0.238201	3.954184	0.000000	5.030239	12366.000000
18319	89.741315	88.748840	0.992475	11.914392	0.000000	1.629342	13171.000000
6667	88.129616	87.728076	0.401540	3.684099	0.000000	3.782277	12749.000000
16184	87.310075	87.028805	0.281270	2.265653	0.000000	1.877806	13285.000000
14979	87.500116	86.504633	0.995484	1.405702	0.000000	1.065816	13480.000000
77	87.170308	86.743572	0.426736	1.820139	0.000000	0.000000	13495.000000
13780	89.504853	89.031013	0.473840	2.980625	0.000000	1.974988	11875.000000
29693	87.150367	86.428578	0.721789	2.955176	0.000000	4.158266	13409.000000
23183	86.460005	86.345790	0.114215	1.945328	0.000000	3.611801	13438.000000
160	86.357641	86.145934	0.211708	0.572751	0.000000	8.103082	13495.000000
21431	87.429111	87.275028	0.154083	1.559981	0.000000	0.533794	13143.000000
34685	87.383696	87.376302	0.007394	2.789816	0.000000	1.374024	13155.000000
32900	87.011732	86.727640	0.284093	3.901691	0.000000	3.493078	13489.000000
43715	89.009415	86.984022	2.025393	0.992746	0.000000	3.432328	13054.000000
3435	86.862486	86.912324	-0.049838	1.067780	0.000000	0.761307	13255.000000
46768	87.984754	87.335624	0.649130	3.101864	0.000000	2.211571	13143.000000
28314	86.327576	86.469853	-0.142276	2.001303	0.000000	2.352272	13447.000000
41843	88.040923	87.840136	0.200787	1.624256	0.000000	1.495049	12651.000000
5667	86.983126	86.619763	0.363363	6.071911	0.000000	6.791584	13487.000000
45223	88.231409	88.287908	-0.056500	3.609003	0.000000	2.595902	12471.000000
5714	86.498362	86.407833	0.090529	2.253708	0.000000	3.242918	13487.000000
1934	86.532617	86.354339	0.178277	0.000000	0.000000	8.218869	13491.000000
19801	88.091162	87.852708	0.238454	6.652975	0.000000	4.136250	13104.000000
17594	90.924406	90.392751	0.531655	13.176701	0.000000	4.520725	11892.000000
9606	88.891363	88.417231	0.474132	2.332221	0.000000	1.042129	12401.000000
27981	86.518627	86.406059	0.112568	0.000000	0.000000	5.439228	13487.000000
3776	86.416444	86.767045	-0.350601	0.345428	0.000000	1.974925	13322.000000
17301	89.693741	88.914427	0.779314	5.985481	0.000000	3.804027	12211.000000
3999	86.534629	86.310239	0.224390	2.328681	0.000000	3.114599	13490.000000
20046	88.768169	88.519034	0.249134	3.029458	0.000000	0.574775	12471.000000
19642	87.339112	87.486109	-0.146997	3.010659	0.000000	1.502117	13104.000000
32894	87.846499	87.195536	0.650963	7.233236	0.000000	4.991800	13489.000000
13480	87.745336	87.122198	0.623139	3.885652	0.000000	2.827163	13230.000000
24337	86.623732	86.653487	-0.029754	1.691568	0.000000	2.352386	13322.000000
2330	86.736036	86.520763	0.215273	4.115915	0.000000	5.569361	13485.000000
22411	88.338583	88.315623	0.022960	2.314352	0.000000	1.872077	12366.000000
1002	87.209741	87.174722	0.035019	2.591205	0.000000	0.000000	13311.000000
15800	87.173583	87.000028	0.173555	2.470461	0.000000	2.256701	13141.000000
25636	88.827005	88.481436	0.345568	15.170144	0.000000	5.451403	13495.000000
13899	89.633001	89.064286	0.568715	3.873740	0.000000	2.374421	12025.000000
28112	86.471496	86.504048	-0.032553	0.450552	0.000000	0.516545	13487.000000
12516	87.251972	87.270921	-0.018949	2.551607	0.000000	1.916339	13113.000000
15660	87.509651	87.465099	0.044552	3.998510	0.000000	2.380648	13141.000000
34096	86.827607	86.685045	0.142562	0.000000	0.000000	3.675667	13327.000000
13768	89.304030	89.012376	0.291653	1.628759	0.000000	0.539624	11875.000000
32114	88.135002	88.193786	-0.058784	4.188511	0.000000	2.087030	12749.000000
5099	86.499146	86.486571	0.012576	1.331999	0.000000	2.891420	13421.000000
24244	86.644185	86.462465	0.181721	2.418288	0.000000	2.210129	13484.000000
30630	86.966504	86.386585	0.579919	2.932362	0.000000	3.755315	13421.000000
45558	89.463408	89.078815	0.384593	4.351109	0.000000	4.154180	11797.000000
5329	87.205581	86.695608	0.509973	2.612764	0.000000	2.650196	13329.000000
41280	87.568681	87.052145	0.516536	1.875199	0.000000	0.552249	13285.000000
2520	87.263752	86.571611	0.692141	4.412887	0.000000	5.146991	13487.000000
4558	86.645538	86.435975	0.209563	2.830842	0.000000	3.612586	13409.000000
23172	87.823949	87.962417	-0.138468	8.548312	0.000000	0.346402	13438.000000
23389	88.586866	88.433391	0.153475	12.112864	0.000000	5.000301	13375.000000
8271	87.511797	87.318511	0.193286	5.006062	0.000000	3.939739	13320.000000
23861	87.881145	88.091390	-0.210245	8.118614	0.000000	3.057209	13271.000000
13870	89.170066	89.075809	0.094257	3.395785	0.000000	0.466240	12025.000000
45139	89.405018	88.627799	0.777219	4.178220	0.000000	0.743164	12471.000000
40126	86.037104	86.220112	-0.183008	2.446135	0.000000	5.701262	13497.000000
33359	86.805011	86.738075	0.066935	0.762364	0.000000	3.776813	13230.000000
1678	86.237654	86.479472	-0.241819	3.424144	0.000000	4.137161	13495.000000
42234	89.575531	89.341437	0.234094	6.603913	0.000000	1.482532	12211.000000
35396	88.740095	88.507243	0.232852	1.696029	0.000000	0.265180	12248.000000
42642	89.132390	89.108624	0.023766	2.479240	0.000000	1.564529	11892.000000
46500	87.289653	86.732518	0.557134	1.516909	0.000000	1.311170	13310.000000
45177	89.327637	88.974659	0.352979	6.702404	0.000000	1.792618	12471.000000
39760	89.308803	89.013204	0.295598	2.604486	0.000000	0.731717	11984.000000
30583	87.459400	87.012851	0.446548	4.094265	0.000000	3.461983	13421.000000
34394	86.821654	86.716305	0.105349	0.000000	0.000000	6.326467	13327.000000
18701	88.360083	88.503936	-0.143853	9.189948	0.000000	4.012878	13054.000000
39799	89.847091	89.376232	0.470859	5.499343	0.000000	1.049177	11984.000000
6551	87.866220	87.787949	0.078272	1.387979	0.000000	1.262792	12628.000000
6524	87.779055	87.625445	0.153610	1.757224	0.000000	2.543559	12628.000000
50019	87.348543	86.827199	0.521344	2.291328	0.000000	1.839792	13322.000000
36980	87.192141	86.752961	0.439179	4.231461	0.000000	3.790281	13488.000000
38200	87.595992	87.237957	0.358035	2.896435	0.000000	3.049988	13113.000000
2785	86.380569	86.497886	-0.117317	0.000000	0.000000	4.099350	13487.000000
3369	86.983287	86.712889	0.270398	3.878085	0.000000	4.891806	13255.000000
25314	86.777586	86.367976	0.409610	4.208666	0.000000	6.072869	13493.000000
13374	87.123117	86.958168	0.164949	3.845463	0.000000	3.936246	13230.000000
43763	87.790024	87.753942	0.036082	4.255466	0.000000	0.000000	13054.000000
26302	86.985643	87.158585	-0.172943	2.729972	0.000000	0.000000	13311.000000
32447	86.570758	86.631488	-0.060729	4.120839	0.000000	5.248380	13363.000000
14937	88.803641	88.408009	0.395632	13.698909	0.000000	4.801748	13497.000000
20875	87.622895	87.645904	-0.023008	6.411414	0.000000	0.908693	13439.000000
18557	87.296891	87.521494	-0.224603	2.378052	0.000000	0.000000	13054.000000
48571	86.824573	86.401779	0.422794	2.992740	0.000000	4.308337	13438.000000
26457	88.354651	88.254862	0.099788	9.224956	0.000000	0.815258	13311.000000
44265	86.669231	87.028818	-0.359587	0.898714	0.000000	0.442076	13286.000000
40782	87.154642	86.934467	0.220175	3.061020	0.000000	4.287115	13141.000000
7968	87.378075	87.487600	-0.109526	0.821518	0.000000	0.896580	12846.000000
13845	89.568071	89.390680	0.177391	4.157327	0.000000	0.059363	11875.000000
16111	87.429401	86.966591	0.462810	4.095956	0.000000	4.692541	13285.000000
30651	87.117656	86.569960	0.547697	3.958788	0.000000	4.099642	13421.000000
6221	87.985603	87.900896	0.084707	5.904172	0.000000	1.630939	13187.000000
31902	88.188775	87.925445	0.263330	3.017919	0.000000	2.895454	12628.000000
32487	86.828446	86.667753	0.160693	4.041636	0.000000	5.136882	13363.000000
2119	86.856404	86.687450	0.168954	2.195832	0.000000	1.289234	13485.000000
10491	90.099580	89.756675	0.342905	3.774206	0.000000	3.650597	11308.000000
21749	88.084062	87.768891	0.315171	4.244452	0.000000	2.658671	12994.000000
24967	86.710181	86.239193	0.470988	1.944878	0.000000	8.579448	13463.000000
5384	86.409473	86.822118	-0.412645	5.355060	0.000000	5.845377	13329.000000
23277	87.330605	87.616325	-0.285720	5.804174	0.000000	2.488213	13375.000000
39077	90.724530	90.169102	0.555428	10.004358	0.000000	3.491495	11875.000000
41937	88.285962	87.876395	0.409566	1.385230	0.000000	0.435568	12651.000000
45069	88.924016	88.576563	0.347453	5.037132	0.000000	2.794925	12471.000000
45475	89.871300	89.905773	-0.034473	6.498823	0.000000	2.488363	11797.000000
34059	86.413641	86.563332	-0.149692	0.724745	0.000000	6.861660	13320.000000
9548	88.540216	88.040863	0.499353	2.877273	0.000000	3.704255	12401.000000
1613	86.500042	86.314119	0.185923	0.000000	0.000000	7.271471	13495.000000
17645	89.538401	88.944950	0.593451	2.839537	0.000000	2.073524	11892.000000
34385	87.314398	86.899381	0.415017	5.493799	0.000000	6.468292	13327.000000
28514	86.430790	86.502558	-0.071767	0.375091	0.000000	0.569468	13447.000000
47351	88.370589	88.325168	0.045421	6.741282	0.000000	2.841571	12994.000000
49194	86.623664	86.666621	-0.042957	2.649161	0.000000	3.277551	13271.000000
36190	89.932397	89.922968	0.009429	5.029295	0.000000	5.822904	11308.000000
33292	86.823909	86.806754	0.017155	0.543817	0.000000	0.625298	13230.000000
5349	87.479878	87.227237	0.252641	5.052984	0.000000	4.076660	13329.000000
24398	87.697183	87.887059	-0.189877	6.130785	0.000000	1.556811	13322.000000
33505	87.501032	87.399537	0.101496	0.604721	0.000000	0.887784	12846.000000
9053	87.381574	87.031764	0.349810	3.774419	0.000000	3.666567	13155.000000
32787	87.018773	86.387802	0.630972	3.590012	0.000000	5.942212	13489.000000
16016	88.970465	88.605633	0.364832	12.085880	0.000000	3.769488	13285.000000
15769	86.991422	86.875838	0.115584	1.668073	0.000000	3.366065	13141.000000
10962	88.175602	87.517741	0.657861	4.174516	0.000000	4.916489	12803.000000
42336	89.368438	88.854952	0.513486	3.776020	0.000000	1.476382	12211.000000
10580	90.403196	89.861632	0.541563	3.961309	0.000000	3.739646	11308.000000
10329	90.290901	90.217018	0.073883	10.173415	0.000000	2.064785	11881.000000
46918	87.834588	87.859052	-0.024465	4.658235	0.000000	0.441943	13143.000000
12143	88.044918	87.534901	0.510016	3.257186	0.000000	0.919622	13183.000000
12560	87.731163	87.514484	0.216678	5.514408	0.000000	4.560002	13113.000000
7397	86.915406	86.650073	0.265333	4.458027	0.000000	5.151931	13489.000000
9181	87.480886	87.069020	0.411866	5.043332	0.000000	5.569966	13155.000000
8976	87.601682	87.096396	0.505287	3.003050	0.000000	2.901342	13155.000000
42386	89.231063	89.298369	-0.067305	6.712247	0.000000	2.973994	12211.000000
22894	86.536773	86.693230	-0.156457	1.704064	0.000000	1.712177	13438.000000
29120	87.541181	87.178619	0.362562	6.612817	0.000000	5.386994	13322.000000
21333	87.586974	87.640624	-0.053650	5.231330	0.000000	1.372542	13310.000000
5163	86.337902	86.360015	-0.022113	2.326797	0.000000	3.826777	13421.000000
4103	86.291544	86.279774	0.011770	1.629516	0.000000	3.118959	13490.000000
31744	88.103979	87.612231	0.491748	3.244541	0.000000	3.877703	12628.000000
3574	86.769087	86.912609	-0.143522	3.587619	0.000000	3.680901	13322.000000
8222	88.416396	88.062478	0.353918	4.086189	0.000000	2.116540	12846.000000
24590	86.960836	86.706395	0.254442	3.718679	0.000000	4.541453	13322.000000
10522	90.102576	89.663460	0.439116	2.272122	0.000000	2.242060	11308.000000
7483	86.653805	86.065833	0.587972	2.542317	0.000000	7.432460	13489.000000
32226	87.605255	87.690256	-0.085001	3.407659	0.000000	3.493398	12749.000000
7270	86.676054	86.654130	0.021924	1.781277	0.000000	2.097198	13363.000000
49060	87.240281	87.057612	0.182670	1.789887	0.000000	0.000000	13271.000000
1179	86.812251	86.753142	0.059109	1.073464	0.000000	0.000000	13440.000000
5395	87.159354	86.912978	0.246377	3.982849	0.000000	4.605220	13329.000000
48180	87.329990	87.492415	-0.162425	2.606033	0.000000	3.553560	12772.000000
39485	89.600948	89.270952	0.329997	6.039638	0.000000	3.987121	12025.000000
48397	88.006519	88.092265	-0.085746	9.524976	0.000000	2.114706	13438.000000
25793	87.762750	87.863423	-0.100673	9.925925	0.000000	5.167537	13495.000000
33542	87.772750	87.435758	0.336992	0.000000	0.000000	2.458803	12846.000000
11953	87.061353	86.486706	0.574647	1.783124	0.000000	3.463371	13407.000000
41605	88.360364	88.406959	-0.046595	8.374031	0.000000	2.252835	13150.000000
48330	90.499334	89.251524	1.247810	13.129010	0.000000	3.743929	12772.000000
7541	86.627287	86.451348	0.175939	1.111606	0.000000	1.578954	13489.000000
33470	88.198127	87.944956	0.253171	3.846196	0.000000	1.942965	12846.000000
21752	87.258575	86.968290	0.290286	1.253876	0.000000	3.026321	12994.000000
47336	88.059284	88.083003	-0.023719	5.414233	0.000000	0.341557	12994.000000
48128	87.334322	87.452572	-0.118250	1.850440	0.000000	1.983593	12772.000000
32481	87.290534	87.093469	0.197065	5.348621	0.000000	5.302995	13363.000000
18484	87.103830	87.388398	-0.284568	1.730009	0.000000	0.874333	13054.000000
1495	86.664591	86.525808	0.138783	3.769656	0.000000	4.050448	13495.000000
36051	90.135608	89.857980	0.277628	3.378739	0.000000	3.263446	11308.000000
11203	86.357991	86.818946	-0.460955	4.203006	0.000000	5.197976	13379.000000
1619	86.286758	86.538664	-0.251906	3.882040	0.000000	4.981988	13495.000000
24826	87.142278	86.807755	0.334523	2.445199	0.000000	3.046353	13183.000000
39494	89.331285	89.136699	0.194586	3.470729	0.000000	0.648366	12025.000000
4928	87.785507	87.018170	0.767337	3.198710	0.000000	1.881918	13421.000000
17562	89.614057	89.244349	0.369708	2.876006	0.000000	0.000000	11892.000000
1717	86.800595	86.469955	0.330640	4.125593	0.000000	5.807944	13495.000000
17057	89.047392	88.889551	0.157842	5.708372	0.000000	3.709573	12211.000000
7701	87.808757	87.251356	0.557401	5.803123	0.000000	4.899311	13230.000000
29898	86.432375	86.571754	-0.139380	1.341365	0.000000	2.451828	13409.000000
2046	86.582404	86.721167	-0.138763	3.921646	0.000000	3.553214	13491.000000
13820	90.432151	89.076479	1.355672	3.223337	0.000000	2.096960	11875.000000
28768	87.395675	87.575902	-0.180227	4.849558	0.000000	0.000000	13255.000000
23925	87.002022	86.696075	0.305946	0.000000	0.000000	3.555369	13271.000000
1416	87.129843	86.914106	0.215736	5.898234	0.000000	6.078712	13495.000000
36418	87.718049	87.346639	0.371411	3.375582	0.000000	4.964531	12803.000000
12273	87.046010	86.824795	0.221216	0.994376	0.000000	1.483809	13183.000000
49263	86.786156	86.817986	-0.031829	0.000000	0.000000	5.631283	13271.000000
9303	88.660900	88.644992	0.015908	4.415240	0.000000	0.363796	12401.000000
10528	89.698088	89.670917	0.027170	0.334499	0.000000	1.824825	11308.000000
37234	86.367797	86.392063	-0.024266	0.320904	0.000000	2.155174	13488.000000
1146	87.972593	88.028865	-0.056272	9.453703	0.000000	3.276446	13440.000000
45666	88.914021	89.069736	-0.155715	1.347871	0.000000	0.209625	11797.000000
48684	88.220588	88.225145	-0.004557	10.136935	0.000000	1.641276	13438.000000
19293	86.855888	86.872478	-0.016590	2.206787	0.000000	2.217710	13213.000000
37711	87.901979	87.591508	0.310471	3.837395	0.000000	1.883287	13183.000000
43150	87.352837	86.951848	0.400989	3.898632	0.000000	6.817754	13095.000000
28317	86.352116	86.278982	0.073134	2.117034	0.000000	5.341059	13447.000000
28925	86.603809	86.919432	-0.315623	0.330959	0.000000	4.374446	13255.000000
44198	86.801943	86.839620	-0.037677	0.585500	0.000000	0.813195	13286.000000
26343	87.632957	86.576351	1.056606	1.519370	0.000000	8.252935	13311.000000
43172	87.681048	87.191514	0.489533	2.989825	0.000000	2.576454	13095.000000
46593	88.243507	88.541475	-0.297967	11.321369	0.000000	3.037490	13310.000000
16107	87.605543	86.954271	0.651272	5.560771	0.000000	5.772824	13285.000000
36417	87.953743	87.475834	0.477909	3.480449	0.000000	3.926630	12803.000000
37511	86.546408	86.634082	-0.087674	0.786183	0.000000	0.661387	13407.000000
17970	89.385627	88.386566	0.999061	7.988645	0.000000	0.867380	13095.000000
29676	86.241525	86.248086	-0.006561	1.148124	0.000000	6.129771	13490.000000
6658	88.033583	87.962703	0.070879	5.099267	0.000000	4.226268	12749.000000
3261	86.510456	86.755281	-0.244825	2.910269	0.000000	3.325964	13255.000000
16213	88.061769	88.063329	-0.001559	7.484933	0.000000	0.305494	13285.000000
25565	86.280022	86.193899	0.086124	1.397771	0.000000	2.671509	13495.000000
22759	88.563730	88.592813	-0.029082	6.841252	0.000000	1.812271	12772.000000
30864	86.910287	87.017956	-0.107669	2.175192	0.000000	1.465044	13329.000000
2333	86.465113	86.362155	0.102958	0.680015	0.000000	3.858354	13485.000000
26515	86.643034	86.758253	-0.115219	1.012525	0.000000	1.174045	13311.000000
18890	86.711542	86.801057	-0.089515	1.387305	0.000000	1.166755	13286.000000
8066	87.878881	87.556249	0.322633	0.642693	0.000000	0.000000	12846.000000
33213	87.659506	87.394360	0.265146	4.486642	0.000000	3.080468	13230.000000
27481	87.427861	87.158843	0.269019	4.587739	0.000000	2.516528	13491.000000
6507	87.344806	87.596882	-0.252076	1.632551	0.000000	3.363694	12628.000000
46146	87.731349	87.748475	-0.017126	7.570265	0.000000	3.947889	13439.000000
10983	88.041912	87.494248	0.547665	2.471933	0.000000	2.438780	12803.000000
40746	86.225397	86.382660	-0.157263	2.312511	0.000000	3.741293	13405.000000
45383	90.924421	90.557946	0.366475	13.187254	0.000000	2.547794	11797.000000
8330	86.543542	86.798158	-0.254616	0.000000	0.000000	3.085365	13320.000000
27671	86.231008	86.105178	0.125831	2.672078	0.000000	6.371342	13485.000000
30054	86.400010	86.395095	0.004914	0.117944	0.000000	4.625377	13490.000000
34993	88.501288	88.031856	0.469432	2.046730	0.000000	2.112181	12401.000000
14632	86.432001	86.482820	-0.050819	3.274152	0.000000	4.180362	13497.000000
24051	87.693525	87.891578	-0.198053	8.513426	0.000000	3.276009	13484.000000
43060	89.009307	88.727567	0.281740	12.141726	0.000000	5.029284	13095.000000
38704	87.276688	86.920084	0.356604	3.223592	0.000000	3.882473	13230.000000
5026	87.362573	86.822217	0.540356	5.738252	0.000000	6.168390	13421.000000
31097	86.539978	86.367896	0.172082	3.068413	0.000000	4.495641	13329.000000
18206	87.797055	88.082822	-0.285768	7.214338	0.000000	3.414280	13171.000000
11383	86.381084	86.602628	-0.221543	0.488628	0.000000	4.461295	13379.000000
44378	88.483689	88.636646	-0.152958	12.310485	0.000000	4.159338	13213.000000
22423	89.386024	89.041441	0.344583	7.950514	0.000000	4.500326	12366.000000
49291	88.086146	87.922249	0.163897	7.567553	0.000000	3.894584	13271.000000
26903	86.289143	86.162118	0.127024	2.131350	0.000000	5.166135	13440.000000
46356	89.817520	88.506303	1.311217	11.767795	0.000000	3.194688	13310.000000
49413	87.354797	86.802358	0.552440	2.707722	0.000000	1.738754	13484.000000
11966	86.357219	86.497334	-0.140115	1.016431	0.000000	7.809108	13407.000000
415	88.530378	88.001035	0.529343	8.736211	0.000000	0.152891	13491.000000
12809	88.008941	87.818009	0.190932	7.638277	0.000000	4.896593	13113.000000
5040	86.954138	86.524931	0.429207	2.166260	0.000000	4.744569	13421.000000
16832	88.259036	87.747896	0.511140	2.948617	0.000000	3.224109	12651.000000
43032	88.799907	88.554936	0.244970	10.089377	0.000000	3.948957	13095.000000
30934	87.244466	87.009949	0.234516	1.533346	0.000000	0.053743	13329.000000
50490	86.667456	86.231827	0.435630	2.256876	0.000000	5.077200	13463.000000
9750	88.358032	88.359407	-0.001375	1.872040	0.000000	1.535293	12248.000000
36357	88.063938	87.881009	0.182929	4.520830	0.000000	3.491278	12803.000000
351	87.436979	86.794477	0.642502	3.479539	0.000000	2.222156	13491.000000
49541	86.265511	86.272137	-0.006625	3.338893	0.000000	6.111806	13484.000000
11271	87.449628	86.872391	0.577237	4.936033	0.000000	4.549303	13379.000000
15863	86.935773	87.063048	-0.127275	1.546133	0.000000	1.505386	13141.000000
24292	86.537606	86.642326	-0.104720	2.767409	0.000000	3.583500	13322.000000
28797	87.981127	87.178493	0.802634	4.873330	0.000000	4.328494	13255.000000
44396	87.035880	86.981634	0.054247	1.351395	0.000000	0.833121	13213.000000
46024	91.108591	89.465476	1.643114	13.334474	0.000000	3.196716	12626.000000
18255	88.319568	88.477759	-0.158191	9.644075	0.000000	3.542517	13171.000000
1759	86.506994	86.571509	-0.064515	3.727696	0.000000	3.958172	13491.000000
18140	87.449675	87.234310	0.215365	3.901162	0.000000	2.918264	13171.000000
26488	87.877487	87.753333	0.124154	6.083501	0.000000	3.325756	13311.000000
21688	87.587607	87.635145	-0.047538	4.024642	0.000000	2.961786	12994.000000
35015	88.902099	88.475020	0.427079	4.267200	0.000000	2.990133	12401.000000
43528	87.561879	87.376857	0.185023	5.213938	0.000000	4.316246	13171.000000
23733	88.472110	88.496729	-0.024618	10.858218	0.000000	3.104975	13271.000000
21408	86.852740	86.980979	-0.128239	1.759744	0.000000	1.918764	13143.000000
16501	87.555017	87.009125	0.545892	2.980444	0.000000	2.644490	13150.000000
5054	87.214882	86.614399	0.600484	4.601840	0.000000	6.004820	13421.000000
24068	87.433136	87.162159	0.270977	5.232411	0.000000	3.823415	13484.000000
17490	89.087575	88.975142	0.112433	4.746718	0.000000	4.608472	11892.000000
22798	88.817922	88.958461	-0.140540	9.032995	0.000000	2.828448	12772.000000
5406	86.963266	86.792365	0.170901	5.280119	0.000000	5.950458	13329.000000
45374	90.085245	89.507632	0.577613	4.426301	0.000000	2.858601	11797.000000
33863	86.839204	86.561838	0.277366	1.013316	0.000000	3.364278	13320.000000
38779	88.444402	88.452866	-0.008464	12.285467	0.000000	5.966578	13230.000000
17405	89.212350	89.183075	0.029275	3.736440	0.000000	2.749316	11892.000000
40778	87.405729	86.742271	0.663458	2.083393	0.000000	3.245601	13141.000000
44544	86.642026	86.962976	-0.320950	1.178889	0.000000	1.046126	13213.000000
43630	87.730155	87.888754	-0.158599	4.972496	0.000000	0.000000	13054.000000
47578	87.844745	88.089053	-0.244308	3.936051	0.000000	2.088523	12800.000000
13825	90.343022	89.586616	0.756406	5.757739	0.000000	2.522033	11875.000000
37667	87.716995	87.814161	-0.097166	5.459079	0.000000	0.000000	13183.000000
23558	87.558593	87.227476	0.331117	4.817303	0.000000	3.206472	13375.000000
43338	88.298615	87.411711	0.886904	3.128469	0.000000	0.710554	13171.000000
25841	86.445028	86.263378	0.181650	0.764546	0.000000	4.847147	13495.000000
30845	86.735812	86.622356	0.113457	0.000000	0.000000	3.676587	13329.000000
33219	87.833523	87.261118	0.572405	2.716884	0.000000	1.638075	13230.000000
13116	88.363903	87.551724	0.812179	1.759835	0.000000	1.660950	12710.000000
38003	87.080781	86.866523	0.214258	1.205993	0.000000	7.591802	13113.000000
48786	86.556835	86.813504	-0.256669	0.587415	0.000000	0.041141	13375.000000
48778	86.510142	86.735973	-0.225831	0.910358	0.000000	0.709105	13375.000000
41638	88.323355	87.598742	0.724613	4.191700	0.000000	1.418252	13150.000000
2223	86.852090	86.641836	0.210254	4.051266	0.000000	4.974284	13485.000000
20691	88.260941	87.532204	0.728737	3.053648	0.000000	3.776663	12626.000000
14399	88.713829	88.993576	-0.279747	2.794824	0.000000	1.530757	11984.000000
6042	86.990729	86.901273	0.089457	3.384821	0.000000	4.063646	13187.000000
15007	86.303430	86.384456	-0.081026	0.831384	0.000000	3.407609	13480.000000
684	87.490415	87.672571	-0.182156	7.410072	0.000000	3.636959	13491.000000
13250	87.158756	86.902071	0.256685	2.254116	0.000000	2.315833	13230.000000
24838	86.618470	86.846917	-0.228448	0.347469	0.000000	5.877106	13183.000000
43650	89.192849	88.860768	0.332081	12.093067	0.000000	2.708292	13054.000000
39631	89.090068	88.818924	0.271144	5.533838	0.000000	4.940470	12025.000000
6116	87.078445	86.856176	0.222269	3.959674	0.000000	5.182636	13187.000000
28964	86.876751	86.837155	0.039596	0.522238	0.000000	2.068561	13255.000000
31053	87.059927	86.583948	0.475979	3.510884	0.000000	4.335672	13329.000000
29375	86.636075	86.349504	0.286571	0.805759	0.000000	3.507993	13490.000000
44288	86.496321	86.640288	-0.143967	1.746881	0.000000	1.940750	13286.000000
779	87.108717	86.989808	0.118910	1.692776	0.000000	0.000000	13311.000000
34566	88.213583	88.183193	0.030390	10.021202	0.000000	5.721813	13155.000000
44808	88.975196	88.389747	0.585449	8.245998	0.000000	3.154824	13104.000000
12328	87.201609	87.012872	0.188737	4.298115	0.000000	4.938291	13183.000000
41831	88.308776	87.997406	0.311370	4.939901	0.000000	4.141527	12651.000000
41867	88.708485	88.089561	0.618924	5.129315	0.000000	3.740590	12651.000000
17756	87.397977	87.399461	-0.001484	4.152459	0.000000	3.603614	13095.000000
17404	89.192592	89.197907	-0.005314	3.555196	0.000000	2.515750	11892.000000
15517	86.468603	86.436851	0.031752	2.787804	0.000000	3.648380	13405.000000
8794	87.140189	86.538848	0.601340	2.302569	0.000000	3.074561	13327.000000
7341	87.491385	87.226493	0.264893	5.738312	0.000000	3.542433	13489.000000
45304	88.340701	88.448635	-0.107934	3.718054	0.000000	2.081671	12471.000000
30049	86.280054	86.261507	0.018547	0.888076	0.000000	7.458793	13490.000000
46794	87.343520	87.166748	0.176773	1.488750	0.000000	1.159846	13143.000000
45857	88.263104	88.143318	0.119786	3.996953	0.000000	2.748231	12626.000000
16178	86.892848	87.198116	-0.305268	2.769494	0.000000	0.000000	13285.000000
48884	86.476610	86.398608	0.078002	2.366594	0.000000	4.046669	13375.000000
31492	87.375500	87.232862	0.142638	2.846416	0.000000	2.156107	13187.000000
3915	86.917072	86.650932	0.266140	3.850237	0.000000	3.979379	13490.000000
7540	86.295157	86.389154	-0.093996	2.223548	0.000000	2.794372	13489.000000
9615	89.192571	89.314110	-0.121538	8.494936	0.000000	1.059649	12401.000000
24036	86.708617	86.605744	0.102872	0.376599	0.000000	0.519081	13484.000000
5147	86.829367	86.762145	0.067223	4.629580	0.000000	5.367305	13421.000000
37912	86.653226	86.833954	-0.180728	3.315943	0.000000	5.334319	13183.000000
5768	86.755671	86.172916	0.582755	2.795416	0.000000	5.017799	13487.000000
49943	87.059325	86.963586	0.095738	5.161349	0.000000	5.538711	13322.000000
27999	86.172418	86.097727	0.074691	1.672273	0.000000	6.081667	13487.000000
27006	86.621047	86.612981	0.008066	4.733948	0.000000	5.951621	13495.000000
6294	88.399556	88.218997	0.180559	6.175406	0.000000	5.026199	12628.000000
41046	87.240269	87.052847	0.187421	0.033161	0.000000	2.243030	13141.000000
33876	87.141006	87.181547	-0.040541	3.159544	0.000000	0.000000	13320.000000
2784	87.081926	86.553838	0.528088	3.968499	0.000000	4.502165	13487.000000
41202	87.784025	87.028286	0.755739	1.524589	0.000000	0.000000	13285.000000
24243	86.968244	86.950412	0.017832	6.012083	0.000000	5.085779	13484.000000
32192	87.301290	87.452427	-0.151136	1.138410	0.000000	1.884807	12749.000000
29209	87.125103	86.618203	0.506900	1.640699	0.000000	1.905749	13322.000000
11490	87.358588	87.683772	-0.325183	7.116675	0.000000	0.321856	13488.000000
18118	87.048255	87.276583	-0.228327	2.518239	0.000000	0.568951	13171.000000
7903	87.582551	87.532547	0.050004	0.431720	0.000000	4.587429	12846.000000
27976	86.311783	86.261293	0.050490	0.177127	0.000000	5.593779	13487.000000
44125	88.656687	88.258593	0.398094	10.036613	0.000000	4.651656	13286.000000
497	86.660938	86.681337	-0.020399	1.936677	0.000000	0.000000	13491.000000
8901	87.175071	86.642349	0.532722	2.839022	0.000000	3.642295	13327.000000
15702	88.182747	88.102418	0.080330	7.633571	0.000000	4.022841	13141.000000
31170	86.444051	86.504890	-0.060838	2.159255	0.000000	2.165745	13487.000000
30388	86.330856	86.299830	0.031026	1.163573	0.000000	2.824483	13490.000000
29279	86.337508	86.853513	-0.516005	4.014225	0.000000	5.496788	13322.000000
43922	87.565479	87.193003	0.372476	5.740973	0.000000	6.561454	13054.000000
11972	87.132156	86.887822	0.244334	4.595616	0.000000	4.362312	13407.000000
20778	88.231805	88.531057	-0.299251	5.139365	0.000000	0.340689	12626.000000
46940	87.642292	87.411595	0.230697	5.052272	0.000000	3.857784	13143.000000
35300	89.500815	88.850956	0.649859	4.536780	0.000000	2.522189	12248.000000
25297	87.047586	86.616763	0.430823	4.061627	0.000000	5.376977	13493.000000
33460	87.568128	87.448743	0.119385	0.000000	0.000000	1.170653	12846.000000
28016	86.298328	86.526448	-0.228121	3.507768	0.000000	4.903543	13487.000000
35575	89.982876	90.024345	-0.041469	8.786497	0.000000	3.885261	11881.000000
26942	86.335343	86.428631	-0.093288	2.755028	0.000000	3.760552	13495.000000
49760	87.323971	87.217269	0.106702	3.571468	0.000000	0.770280	13322.000000
2511	87.192962	86.618022	0.574940	4.903877	0.000000	5.266593	13487.000000
38371	87.926540	87.754528	0.172011	1.284228	0.000000	0.000000	12710.000000
28635	86.477435	86.403733	0.073702	0.000000	0.000000	7.025309	13447.000000
21544	87.334529	87.090224	0.244305	1.455658	0.000000	1.567086	13143.000000
6751	87.355214	87.424212	-0.068998	0.351798	0.000000	5.718605	12749.000000
46558	87.044165	86.910182	0.133983	3.306775	0.000000	2.660802	13310.000000
19854	88.626145	88.647732	-0.021587	4.983077	0.000000	0.123406	12471.000000
46701	87.967556	87.521765	0.445791	3.643992	0.000000	0.606288	13143.000000
35339	89.811799	88.941612	0.870188	6.621113	0.000000	4.460053	12248.000000
24902	87.103383	86.768583	0.334801	3.779886	0.000000	6.085021	13183.000000
11421	86.412313	86.280916	0.131397	1.375774	0.000000	2.894417	13488.000000
46848	86.870867	86.827230	0.043637	2.806885	0.000000	3.041082	13143.000000
2554	87.013794	86.410995	0.602799	2.825546	0.000000	4.071828	13487.000000
4910	86.389839	86.206452	0.183387	1.968826	0.000000	3.613737	13490.000000
42285	89.283039	88.985117	0.297922	4.019505	0.000000	0.405461	12211.000000
3459	86.904804	86.761856	0.142948	0.000000	0.000000	2.980062	13255.000000
14674	86.814371	86.395072	0.419298	2.413119	0.000000	3.132658	13497.000000
38306	87.421247	87.536381	-0.115134	1.982457	0.000000	1.979215	12710.000000
34765	87.051411	86.767512	0.283898	2.801612	0.000000	4.074041	13155.000000
44582	87.258731	86.858985	0.399746	3.377933	0.000000	3.913596	13213.000000
22714	89.127211	89.152838	-0.025627	10.495220	0.000000	0.630167	12772.000000
47602	88.076921	87.809236	0.267685	2.680058	0.000000	1.718888	12800.000000
28214	86.426731	86.599921	-0.173190	4.057950	0.000000	4.758600	13487.000000
31200	86.623483	86.207113	0.416370	0.000000	0.000000	8.000596	13487.000000
26625	87.601707	87.631864	-0.030157	7.291436	0.000000	4.223660	13440.000000
8517	87.204170	86.957437	0.246733	3.014749	0.000000	2.559708	13320.000000
9263	87.063602	87.038401	0.025200	1.380419	0.000000	1.462306	13155.000000
50556	86.177829	86.259891	-0.082062	1.370101	0.000000	5.737082	13463.000000
10874	87.719515	87.554661	0.164854	4.996611	0.000000	5.658323	12803.000000
34823	88.377000	87.981562	0.395437	3.451015	0.000000	3.992312	12401.000000
15137	86.566609	86.332663	0.233946	2.100594	0.000000	2.992203	13480.000000
16359	87.555398	87.620192	-0.064794	3.768053	0.000000	1.401935	13150.000000
22966	87.716177	87.823219	-0.107042	8.020674	0.000000	3.331510	13438.000000
4626	86.634268	86.722829	-0.088561	4.295049	0.000000	3.776455	13490.000000
9178	87.376187	86.828121	0.548066	3.149216	0.000000	4.578140	13155.000000
9013	87.067772	87.016042	0.051731	2.660456	0.000000	2.433069	13155.000000
10778	87.477724	87.705707	-0.227982	4.773190	0.000000	4.717302	12803.000000
38408	88.535835	88.493768	0.042067	5.528380	0.000000	0.842813	12710.000000
7793	87.561097	87.007559	0.553537	4.163929	0.000000	5.015551	13230.000000
8974	87.348232	86.866354	0.481879	1.122654	0.000000	1.444846	13155.000000
14555	88.920723	88.852567	0.068155	1.506652	0.000000	0.000000	11984.000000
30907	87.748945	87.968838	-0.219894	9.315162	0.000000	5.245422	13329.000000
32087	87.660483	87.520592	0.139891	3.386961	0.000000	4.799500	12749.000000
7606	87.072123	86.586408	0.485715	3.614690	0.000000	5.018384	13489.000000
9116	86.639966	86.996101	-0.356135	2.452624	0.000000	2.770171	13155.000000
15579	87.637629	87.165696	0.471933	3.949359	0.000000	2.180822	13405.000000
28231	86.174168	86.436468	-0.262300	0.031728	0.000000	6.894479	13487.000000
28608	86.231962	86.369839	-0.137877	0.900287	0.000000	4.304089	13447.000000
36222	87.288483	87.695752	-0.407269	3.470028	0.000000	3.088169	12803.000000
41629	88.045768	87.689595	0.356173	4.541644	0.000000	2.389436	13150.000000
12766	88.038633	87.987248	0.051385	6.482691	0.000000	3.303117	13113.000000
42934	88.167108	88.148710	0.018398	6.924875	0.000000	0.841787	13095.000000
50537	86.517585	86.455552	0.062034	0.521531	0.000000	8.181620	13463.000000
23063	88.374263	87.342620	1.031643	4.721767	0.000000	0.917419	13438.000000
18610	87.116526	87.195327	-0.078800	1.275763	0.000000	1.188347	13054.000000
39382	89.269509	88.827370	0.442138	4.939796	0.000000	4.474196	12025.000000
29338	86.472813	86.467052	0.005762	0.000000	0.000000	4.434653	13490.000000
50082	87.000312	86.585271	0.415041	2.909976	0.000000	3.579351	13322.000000
1574	86.132912	86.009284	0.123627	2.608822	0.000000	5.413891	13495.000000
29761	86.327486	86.318997	0.008488	1.622583	0.000000	2.517816	13409.000000
15248	87.870384	87.961445	-0.091060	8.051176	0.000000	1.355399	13480.000000
23985	86.500775	86.160925	0.339851	3.341946	0.000000	7.335362	13484.000000
