11278	86.946511	86.769236	0.177275	3.582201	1.877645	0.000000	3.987336	13379.000000
47459	88.323432	88.189024	0.134408	1.934389	2.018931	0.000000	4.589872	12800.000000
43708	88.618224	87.611818	1.006406	0.000000	4.874904	0.000000	1.796903	13054.000000
43941	87.265495	86.991304	0.274191	2.608736	2.470385	0.000000	2.138032	13054.000000
43031	88.875232	88.817389	0.057843	0.963848	3.614119	0.000000	8.256595	13095.000000
12728	87.610312	87.187664	0.422648	2.217783	3.748454	0.000000	3.631761	13113.000000
42676	90.199247	90.366137	-0.166891	0.348450	2.236575	0.000000	6.453195	11892.000000
40376	86.774287	86.392283	0.382004	3.460662	7.064243	0.000000	1.639979	13497.000000
48618	89.707421	88.837362	0.870059	0.393663	3.132297	0.000000	9.797855	13438.000000
8586	87.940365	87.734762	0.205603	2.447886	2.146195	0.000000	7.345197	13327.000000
4298	86.344100	86.392763	-0.048663	5.616527	5.527512	0.000000	2.676631	13409.000000
12939	87.647607	87.678486	-0.030879	1.553888	0.862298	0.000000	1.424962	12710.000000
45564	89.330463	89.513392	-0.182929	1.752833	4.612524	0.000000	4.724512	11797.000000
726	87.823820	87.935499	-0.111679	1.208432	3.502676	0.000000	5.105246	13311.000000
22297	88.329448	88.221138	0.108310	1.200319	5.432223	0.000000	4.670867	12800.000000
47896	88.500480	88.639080	-0.138600	1.889264	0.491027	0.000000	3.426390	12366.000000
7450	86.359304	86.330479	0.028825	11.235685	9.302626	0.000000	2.774045	13489.000000
35703	90.097792	89.918038	0.179754	0.000000	1.565866	0.000000	3.631551	11881.000000
25619	86.504727	86.356202	0.148525	5.381942	2.074604	0.000000	0.414166	13495.000000
24687	86.523625	86.791734	-0.268109	4.562226	5.501581	0.000000	3.576164	13183.000000
17631	88.842040	88.879627	-0.037588	2.367110	0.000000	0.000000	1.350078	11892.000000
49502	86.325887	86.422042	-0.096155	3.728498	4.802585	0.000000	1.580158	13484.000000
35156	87.910683	88.318592	-0.407909	7.494039	6.370138	0.000000	2.506670	12248.000000
21880	88.690530	88.101454	0.589076	0.000000	1.838421	0.000000	2.315033	12994.000000
26665	86.468330	86.583545	-0.115215	13.743364	9.985575	0.000000	0.000000	13440.000000
6303	88.415261	87.979583	0.435678	2.392442	0.180725	0.000000	3.545208	12628.000000
41001	86.949296	86.700345	0.248951	4.052882	2.858455	0.000000	2.685469	13141.000000
26007	86.553445	86.397035	0.156410	4.781850	2.045724	0.000000	0.538010	13491.000000
3571	87.313144	86.992377	0.320767	3.474546	1.402333	0.000000	4.679258	13322.000000
50295	86.572228	86.610587	-0.038360	8.076782	6.867673	0.000000	4.085641	13183.000000
25484	87.265738	86.722260	0.543477	1.515662	4.031807	0.000000	2.714191	13493.000000
30946	87.075865	86.663571	0.412294	4.062226	0.934224	0.000000	2.953998	13329.000000
12713	86.759054	86.784218	-0.025164	3.931431	3.432892	0.000000	2.977550	13113.000000
45914	87.836518	87.879296	-0.042778	3.389904	3.836869	0.000000	4.742042	12626.000000
1217	86.925715	86.719663	0.206052	2.039979	6.375005	0.000000	3.753144	13440.000000
9224	86.814526	86.877135	-0.062610	3.651625	1.760955	0.000000	0.943571	13155.000000
619	87.603178	87.427728	0.175450	2.059257	4.847582	0.000000	5.903367	13491.000000
32150	87.566193	87.611263	-0.045070	2.216164	0.683506	0.000000	1.894892	12749.000000
25940	86.213088	86.163527	0.049561	5.223604	3.185588	0.000000	3.362900	13491.000000
8957	87.816505	87.489419	0.327085	2.474406	0.972264	0.000000	4.606241	13155.000000
36828	87.156309	86.439614	0.716696	8.913220	6.661579	0.000000	5.159484	13379.000000
35795	89.571637	89.064684	0.506954	2.497844	0.877389	0.000000	3.493498	11881.000000
7848	87.027954	87.083471	-0.055517	0.834460	2.143358	0.000000	0.497923	13230.000000
31628	86.682979	86.842260	-0.159282	2.894744	2.366937	0.000000	3.210863	13187.000000
26966	86.566507	86.268791	0.297716	4.679766	6.299041	0.000000	3.326391	13495.000000
4528	87.176160	86.416588	0.759572	6.296388	2.258493	0.000000	3.175691	13409.000000
24293	86.488153	86.906913	-0.418760	4.348098	3.878798	0.000000	5.647782	13322.000000
23206	86.433642	86.414565	0.019076	3.345201	3.537824	0.000000	1.605639	13438.000000
41887	88.575251	88.417585	0.157666	0.143000	2.395461	0.000000	1.895426	12651.000000
10798	88.106385	88.003842	0.102543	2.876731	1.917327	0.000000	5.035392	12803.000000
48554	86.787207	86.623295	0.163912	4.591232	2.097245	0.000000	3.611923	13438.000000
25995	87.756838	87.477228	0.279611	0.567098	1.757258	0.000000	2.880281	13491.000000
34559	87.497986	87.050983	0.447003	3.295798	7.191437	0.000000	0.741861	13155.000000
39520	90.238620	90.193044	0.045576	1.059842	4.078420	0.000000	8.206648	12025.000000
13854	89.751795	89.470972	0.280823	0.293004	5.760354	0.000000	3.303092	11875.000000
43449	87.362508	87.413683	-0.051175	2.065499	1.941088	0.000000	3.722860	13171.000000
20357	90.012025	89.412190	0.599835	0.144894	1.501702	0.000000	1.401812	11797.000000
18383	88.870701	88.645912	0.224789	1.631269	2.309368	0.000000	8.214912	13171.000000
6056	86.749570	86.869271	-0.119701	1.953631	1.841823	0.000000	1.902624	13187.000000
1761	86.572929	86.422341	0.150588	1.559523	1.170983	0.000000	1.376020	13491.000000
26642	86.846897	87.170246	-0.323349	1.453038	1.807479	0.000000	3.297588	13440.000000
42319	89.387135	89.344000	0.043134	0.000000	2.566566	0.000000	3.351554	12211.000000
36656	86.802178	86.814367	-0.012189	1.981278	1.875711	0.000000	2.314364	13379.000000
47140	87.717176	87.488706	0.228470	2.352047	1.500433	0.000000	3.228050	12994.000000
19346	89.040266	88.626000	0.414266	0.660084	6.098981	0.000000	7.728231	13213.000000
32893	87.540196	87.177795	0.362401	2.974473	5.371772	0.000000	6.672590	13489.000000
35856	90.050123	89.654010	0.396113	3.582360	2.899865	0.000000	2.058272	11308.000000
16370	87.742960	87.622282	0.120678	1.042209	2.969988	0.000000	3.155871	13150.000000
19417	87.524678	87.528499	-0.003821	0.968031	2.566223	0.000000	2.821493	13213.000000
45881	87.692548	87.633050	0.059499	2.380431	3.411763	0.000000	2.098690	12626.000000
29074	86.598794	86.329700	0.269094	4.280747	3.943102	0.000000	3.348052	13322.000000
18426	87.334294	87.411866	-0.077572	1.022267	0.025117	0.000000	1.392827	13054.000000
35817	88.885734	88.892711	-0.006977	2.152251	4.393989	0.000000	2.528264	11881.000000
10173	89.130246	88.938731	0.191516	2.688838	3.476144	0.000000	3.771908	11881.000000
49341	86.731867	86.790381	-0.058514	8.315520	5.145287	0.000000	0.055519	13271.000000
49537	86.547010	86.441903	0.105107	10.690231	8.352219	0.000000	1.217421	13484.000000
28392	86.591787	86.412690	0.179097	9.946177	10.534751	0.000000	0.828778	13447.000000
13399	87.129427	86.710570	0.418857	4.695220	2.824625	0.000000	4.239054	13230.000000
6411	87.896766	87.915074	-0.018308	5.220382	7.088280	0.000000	2.438078	12628.000000
37296	86.959834	86.569812	0.390022	3.316131	2.399288	0.000000	3.929461	13407.000000
35507	88.705909	88.904949	-0.199040	5.084035	5.112678	0.000000	1.262759	11881.000000
38110	88.483557	87.743682	0.739875	1.429543	0.305571	0.000000	3.884554	13113.000000
6038	87.482761	87.158933	0.323829	3.779899	1.974918	0.000000	5.216167	13187.000000
41390	86.621356	86.471562	0.149794	4.342561	4.834045	0.000000	3.402566	13285.000000
23616	87.157146	86.873508	0.283638	3.544129	3.478833	0.000000	4.484248	13271.000000
10810	87.573976	87.590233	-0.016256	4.376347	1.243264	0.000000	4.560956	12803.000000
30706	86.236119	86.522736	-0.286617	4.663903	4.093286	0.000000	5.337253	13421.000000
41748	87.235675	86.822201	0.413474	3.371607	2.109513	0.000000	3.139071	13150.000000
47342	89.131996	88.914841	0.217155	0.088950	4.769832	0.000000	6.878072	12994.000000
22319	87.720640	87.581003	0.139637	2.955175	2.334548	0.000000	3.993898	12800.000000
3741	86.568510	86.434581	0.133928	4.298952	6.262360	0.000000	4.147367	13322.000000
21783	88.702770	88.430279	0.272491	0.000000	1.166990	0.000000	3.286434	12994.000000
39895	89.092531	88.678263	0.414268	2.797217	0.668253	0.000000	2.856475	11984.000000
37272	86.415330	86.905394	-0.490064	5.044441	4.759043	0.000000	6.161753	13407.000000
19229	87.434625	87.282156	0.152469	2.992399	3.095701	0.000000	5.156618	13213.000000
6199	87.328894	86.874010	0.454884	2.347733	2.088430	0.000000	1.979786	13187.000000
15757	86.446957	86.783458	-0.336501	4.034798	3.549162	0.000000	2.036021	13141.000000
48118	87.729521	88.061863	-0.332343	2.752934	3.524388	0.000000	5.370800	12772.000000
6635	87.763229	87.863749	-0.100519	1.635059	1.908607	0.000000	3.049780	12749.000000
44883	87.740671	87.207425	0.533246	1.981106	2.362613	0.000000	3.098918	13104.000000
6642	88.056191	88.020795	0.035396	2.502826	0.211032	0.000000	4.061339	12749.000000
29863	86.714793	86.582865	0.131928	2.911513	0.198510	0.000000	1.931040	13409.000000
26925	86.282031	86.261073	0.020958	4.238592	4.759556	0.000000	2.975295	13495.000000
12374	87.156621	86.883405	0.273216	1.799082	2.475261	0.000000	2.114803	13183.000000
26769	87.027398	86.932918	0.094480	4.571641	4.051848	0.000000	6.624932	13440.000000
34874	88.760542	88.594775	0.165768	0.985163	3.131469	0.000000	2.633776	12401.000000
36087	90.354920	90.146558	0.208362	3.069453	2.562380	0.000000	5.814785	11308.000000
49240	87.047182	86.273367	0.773815	10.140816	6.347508	0.000000	3.526608	13271.000000
3876	86.589474	86.513449	0.076025	4.111104	3.589284	0.000000	4.482844	13490.000000
2654	86.508648	86.425426	0.083222	7.192467	7.485587	0.000000	1.526902	13487.000000
39261	89.346879	89.319257	0.027622	1.535439	1.829928	0.000000	3.474150	11889.000000
12228	87.222159	87.230540	-0.008381	1.785723	2.695323	0.000000	2.738924	13183.000000
25665	86.528626	86.372912	0.155713	1.417459	3.670623	0.000000	0.000000	13495.000000
38785	89.519677	87.990509	1.529168	1.751926	3.368823	0.000000	6.001299	13230.000000
7365	86.525098	86.325551	0.199547	2.315176	2.537580	0.000000	2.179874	13489.000000
2448	87.183168	86.805579	0.377590	3.891823	3.122711	0.000000	5.161950	13485.000000
34175	87.144580	86.625932	0.518648	2.042454	3.230324	0.000000	1.985685	13327.000000
49815	86.841562	86.821749	0.019813	1.694093	3.655921	0.000000	2.261749	13322.000000
39687	88.834729	88.798423	0.036305	3.661731	2.609459	0.000000	4.903852	12025.000000
24510	86.799262	87.084377	-0.285116	2.078355	0.113339	0.000000	3.029410	13322.000000
50196	86.958361	87.041124	-0.082763	7.018566	9.311469	0.000000	0.966722	13183.000000
6065	86.992738	86.782645	0.210093	4.689264	1.928850	0.000000	3.984937	13187.000000
39307	88.505264	88.851643	-0.346379	2.246690	2.205973	0.000000	1.509931	11889.000000
26716	87.815927	87.677121	0.138806	0.453568	4.734915	0.000000	4.226410	13440.000000
30904	86.868129	87.007890	-0.139761	1.585413	3.427293	0.000000	2.774813	13329.000000
37014	86.514374	86.532616	-0.018242	3.676381	7.026541	0.000000	0.375556	13488.000000
32385	87.337225	87.486323	-0.149098	8.583838	7.283509	0.000000	3.682810	12749.000000
4274	87.076927	86.695051	0.381876	3.253367	3.877348	0.000000	4.815846	13409.000000
34930	87.895580	88.130357	-0.234777	1.495437	0.000000	0.000000	0.865258	12401.000000
34164	86.790656	86.771509	0.019147	4.950844	7.835036	0.000000	0.668012	13327.000000
50423	87.072513	86.868578	0.203935	3.698336	2.344707	0.000000	3.883908	13183.000000
12334	87.467842	86.796638	0.671204	3.721969	2.855855	0.000000	3.877780	13183.000000
44739	88.636160	88.652196	-0.016036	0.000000	1.241538	0.000000	4.596431	13104.000000
12907	88.691571	88.697841	-0.006270	1.156360	6.174154	0.000000	5.780414	12710.000000
20749	88.982802	88.878594	0.104208	0.000000	1.849608	0.000000	3.565305	12626.000000
42958	88.445460	88.262321	0.183139	0.279489	6.126853	0.000000	4.809108	13095.000000
46393	88.744989	88.418267	0.326722	0.506756	1.691462	0.000000	5.861097	13310.000000
25971	86.658883	86.415627	0.243256	10.572934	8.481120	0.000000	0.000000	13491.000000
42523	89.482571	89.530975	-0.048404	0.448421	2.596798	0.000000	2.796659	11892.000000
18788	86.777045	86.721962	0.055084	1.854108	3.990819	0.000000	1.627100	13286.000000
43380	88.416440	87.838776	0.577664	0.538875	3.648002	0.000000	3.301249	13171.000000
26965	86.066397	86.241820	-0.175424	5.935023	4.739454	0.000000	3.632519	13495.000000
45033	89.325171	89.235666	0.089505	0.939790	4.316063	0.000000	6.537137	12471.000000
44787	89.125968	88.344489	0.781479	0.024279	3.905011	0.000000	4.445919	13104.000000
24573	86.965076	86.455129	0.509946	4.046584	2.714766	0.000000	2.668808	13322.000000
27564	86.522710	86.386000	0.136710	7.635702	7.460898	0.000000	4.309493	13491.000000
39523	89.784012	89.519157	0.264855	0.758496	0.075173	0.000000	3.501665	12025.000000
32903	86.519102	86.593970	-0.074868	2.817097	6.613358	0.000000	1.211980	13489.000000
35549	89.355095	89.024004	0.331091	3.128538	3.550393	0.000000	4.827649	11881.000000
30855	86.652036	86.578815	0.073221	5.221938	2.329950	0.000000	3.887336	13329.000000
13142	88.971141	88.324823	0.646318	0.014329	1.571935	0.000000	1.656756	12710.000000
25009	86.556393	86.525121	0.031272	5.241888	1.900673	0.000000	4.112029	13463.000000
47083	88.968932	89.023903	-0.054971	0.521663	3.548009	0.000000	7.761515	12994.000000
45618	89.119554	89.137565	-0.018011	2.911621	2.242994	0.000000	3.962071	11797.000000
10913	87.244466	87.663152	-0.418686	3.877474	1.816040	0.000000	4.641994	12803.000000
8379	86.563813	86.572303	-0.008490	4.684728	6.405043	0.000000	3.176299	13320.000000
33683	87.702145	87.202395	0.499751	5.671241	3.214638	0.000000	4.024431	12846.000000
29604	86.690303	86.376762	0.313541	3.759469	5.034539	0.000000	4.496802	13490.000000
1782	86.494906	86.472788	0.022118	2.259100	0.342910	0.000000	1.334390	13491.000000
1537	86.206473	86.203760	0.002713	7.607195	5.337072	0.000000	2.116296	13495.000000
19523	87.405909	87.172269	0.233641	3.024762	1.297369	0.000000	3.991777	13104.000000
12883	88.271190	87.820544	0.450646	2.146014	0.874313	0.000000	3.014127	12710.000000
42427	89.308767	88.875437	0.433330	2.028223	2.557869	0.000000	4.799905	12211.000000
29910	86.732985	86.889218	-0.156233	2.141565	1.335526	0.000000	3.535678	13409.000000
47377	88.701574	88.482520	0.219054	0.000000	4.785795	0.000000	3.536940	12800.000000
32279	87.754578	87.318896	0.435682	11.602293	3.972762	0.000000	3.491631	12749.000000
47071	88.224802	87.916008	0.308794	0.481110	2.531555	0.000000	2.724096	12994.000000
17548	89.590936	89.082525	0.508411	0.839030	0.014508	0.000000	1.280494	11892.000000
2176	86.953183	86.416546	0.536637	2.592331	1.532961	0.000000	2.427776	13485.000000
32485	86.527366	86.734916	-0.207550	3.529619	1.769113	0.000000	3.733672	13363.000000
12173	87.092485	87.008942	0.083543	0.929394	1.393948	0.000000	0.207391	13183.000000
11659	86.858559	86.331075	0.527483	3.069947	3.348013	0.000000	3.305021	13488.000000
22830	87.419061	87.297532	0.121529	3.539796	1.714930	0.000000	2.599518	12772.000000
3887	86.542057	86.804394	-0.262337	3.831994	4.392284	0.000000	5.709424	13490.000000
36058	90.063398	89.746474	0.316924	1.082301	2.037517	0.000000	0.740465	11308.000000
101	87.446505	86.859197	0.587308	1.728244	1.433704	0.000000	2.834452	13495.000000
9269	87.843756	87.568996	0.274761	0.665283	4.984929	0.000000	3.235942	13155.000000
30278	86.362961	86.498267	-0.135305	2.750510	2.381242	0.000000	0.960467	13490.000000
28748	87.061036	87.511130	-0.450094	1.802016	1.298962	0.000000	4.111370	13255.000000
27412	87.533619	87.115007	0.418612	0.468776	0.000000	0.000000	1.768968	13491.000000
27694	86.610190	86.566315	0.043875	5.827966	6.688427	0.000000	2.575438	13485.000000
3556	87.649469	87.043463	0.606006	2.525367	3.447221	0.000000	3.990765	13322.000000
23449	87.625553	87.320858	0.304696	2.285131	2.699252	0.000000	4.918273	13375.000000
11690	87.080504	86.607960	0.472544	1.772996	0.468855	0.000000	1.426815	13488.000000
25800	87.150543	86.430290	0.720253	4.735700	1.551413	0.000000	3.688792	13495.000000
10728	87.960090	87.876268	0.083821	3.527792	0.532512	0.000000	5.182129	12803.000000
49918	86.541942	86.627031	-0.085089	3.104029	3.092361	0.000000	2.088248	13322.000000
50632	86.434243	86.246290	0.187953	7.425910	7.034638	0.000000	4.121258	13463.000000
36671	87.793024	87.280672	0.512351	0.217157	0.716167	0.000000	1.218300	13379.000000
24907	86.683347	86.729398	-0.046051	8.547306	7.136924	0.000000	4.208871	13183.000000
34357	87.082687	86.704121	0.378567	4.537768	3.081679	0.000000	4.572576	13327.000000
6636	88.848408	88.502927	0.345480	3.052449	3.849945	0.000000	8.474133	12749.000000
40038	88.684375	88.826001	-0.141626	5.160433	3.003172	0.000000	5.491712	11984.000000
43816	87.035935	87.035920	0.000015	3.975323	2.155423	0.000000	2.752398	13054.000000
16993	89.113145	88.996580	0.116565	0.823400	3.393011	0.000000	2.970995	12211.000000
45518	89.254170	89.110745	0.143425	1.183240	0.000000	0.000000	1.454406	11797.000000
27444	86.386058	86.332991	0.053068	1.411040	1.579563	0.000000	0.492290	13491.000000
50618	86.321562	86.421622	-0.100060	16.024338	11.195216	0.000000	0.307708	13463.000000
41582	88.973852	88.039858	0.933994	0.305909	2.428814	0.000000	3.141940	13150.000000
13517	88.398680	87.900458	0.498223	0.000000	2.350987	0.000000	2.727953	13230.000000
42563	90.132945	89.360372	0.772574	0.289166	0.000000	0.000000	1.365341	11892.000000
9043	87.017203	87.070849	-0.053645	2.492966	1.657175	0.000000	2.988632	13155.000000
3676	86.599415	86.449030	0.150384	5.069910	7.299868	0.000000	5.268555	13322.000000
27132	86.477617	86.567106	-0.089489	1.635850	4.595081	0.000000	1.030243	13495.000000
8686	86.505145	86.468595	0.036551	4.701798	4.246699	0.000000	2.717551	13327.000000
5310	86.872818	87.082868	-0.210050	3.282924	2.187359	0.000000	4.871991	13329.000000
24507	87.500631	87.079314	0.421316	2.254404	2.252360	0.000000	4.032965	13322.000000
50205	86.955327	86.535006	0.420321	9.986516	7.084966	0.000000	3.573166	13183.000000
37719	87.233763	87.063201	0.170561	0.924845	0.473304	0.000000	0.947347	13183.000000
11159	86.988885	86.750358	0.238527	2.936840	1.117755	0.000000	2.481545	13379.000000
32054	87.345064	87.318336	0.026728	4.564461	4.839101	0.000000	3.562352	12749.000000
4629	87.118073	86.827243	0.290831	4.070168	4.084270	0.000000	6.709704	13490.000000
43188	87.249876	86.937723	0.312153	4.166208	2.674789	0.000000	4.116668	13095.000000
10875	87.978141	87.775649	0.202492	5.033738	3.359345	0.000000	7.203509	12803.000000
3478	87.193361	86.874451	0.318910	4.275536	3.421507	0.000000	0.000000	13255.000000
47051	88.359649	87.447413	0.912235	0.782944	1.168070	0.000000	1.211285	12994.000000
42454	88.359535	88.622951	-0.263416	1.601098	1.737693	0.000000	2.119658	12211.000000
81	87.611019	87.368206	0.242813	2.053150	2.625440	0.000000	5.473285	13495.000000
25826	86.800190	86.407543	0.392647	9.832910	3.732384	0.000000	3.701791	13495.000000
7442	86.391841	86.328815	0.063026	6.651495	7.214558	0.000000	3.560973	13489.000000
40848	87.688816	87.351373	0.337443	2.309803	4.892983	0.000000	4.461052	13141.000000
12531	87.150376	87.051605	0.098770	3.031355	0.329967	0.000000	1.502877	13113.000000
17940	87.810129	87.198965	0.611164	2.431278	0.000000	0.000000	2.537590	13095.000000
37183	86.433868	86.401071	0.032797	6.330942	7.237930	0.000000	3.617738	13488.000000
1542	86.365200	86.363269	0.001931	12.897272	9.582762	0.000000	0.669176	13495.000000
39619	89.258171	88.747334	0.510836	2.306260	0.540325	0.000000	3.484023	12025.000000
20856	88.178075	87.870280	0.307796	3.672349	2.168096	0.000000	4.301366	12626.000000
23155	87.643923	86.706059	0.937863	1.673871	4.445720	0.000000	2.683617	13438.000000
31096	86.972952	86.598868	0.374084	7.245860	5.040446	0.000000	5.578520	13329.000000
43106	87.438785	87.088933	0.349853	3.531273	1.281411	0.000000	3.003061	13095.000000
46030	89.721502	88.581517	1.139985	0.000000	2.936269	0.000000	2.551540	12626.000000
34213	87.056953	87.176051	-0.119098	1.294796	0.318414	0.000000	2.139605	13327.000000
35037	88.283637	88.298366	-0.014729	1.464313	1.092950	0.000000	1.885060	12401.000000
27215	86.326460	86.426295	-0.099835	10.506934	5.396992	0.000000	0.822622	13495.000000
47334	87.570372	87.266437	0.303935	0.877429	1.793201	0.000000	0.932739	12994.000000
17071	88.466409	88.609499	-0.143090	1.759806	2.278605	0.000000	2.784087	12211.000000
42982	88.288645	87.875341	0.413304	0.000000	2.097906	0.000000	1.927443	13095.000000
25339	87.126656	86.365680	0.760976	2.289282	1.766079	0.000000	0.937426	13493.000000
49717	86.814244	86.612293	0.201950	0.847930	1.274132	0.000000	0.361379	13484.000000
47744	88.943454	88.992437	-0.048983	0.011588	1.174630	0.000000	2.239051	12366.000000
23551	86.629501	86.805204	-0.175703	4.957407	2.837984	0.000000	5.179141	13375.000000
28404	86.624866	86.609510	0.015356	1.290412	3.063792	0.000000	0.715837	13447.000000
45794	88.923053	88.597281	0.325772	0.000000	5.284029	0.000000	3.508256	12626.000000
38059	87.832787	87.350983	0.481805	1.784101	2.273710	0.000000	3.320761	13113.000000
17377	89.037977	89.245184	-0.207207	0.784904	1.801318	0.000000	1.926396	11892.000000
49574	86.796578	86.637185	0.159393	4.801950	3.753088	0.000000	5.912812	13484.000000
41999	88.250199	87.782348	0.467850	2.127230	2.282835	0.000000	0.590927	12651.000000
46892	87.262959	87.236736	0.026223	1.506432	2.770795	0.000000	2.405224	13143.000000
18033	88.499472	88.384277	0.115195	1.050088	1.521836	0.000000	5.693007	13171.000000
38460	88.846941	88.816093	0.030848	0.957969	2.612778	0.000000	5.163576	12710.000000
47159	87.454929	87.605845	-0.150917	0.881799	3.282008	0.000000	1.924482	12994.000000
4307	86.851483	86.274331	0.577151	4.524127	4.053296	0.000000	3.814681	13409.000000
11656	86.965798	86.437994	0.527805	1.988410	1.537686	0.000000	2.071174	13488.000000
47146	87.831556	87.937947	-0.106391	2.229154	2.815816	0.000000	4.746653	12994.000000
33671	87.367558	87.418035	-0.050477	4.650263	5.356095	0.000000	3.642140	12846.000000
34677	87.678723	87.163825	0.514898	3.083236	0.655000	0.000000	4.032177	13155.000000
37288	86.515577	86.468732	0.046845	6.862875	7.106456	0.000000	2.344078	13407.000000
16272	88.011518	88.007711	0.003806	1.253846	2.874466	0.000000	5.712309	13285.000000
19785	88.462364	88.113786	0.348578	0.424770	2.579153	0.000000	3.442562	13104.000000
23079	88.537875	88.286248	0.251627	0.000000	5.790569	0.000000	6.488739	13438.000000
19043	88.487897	88.325362	0.162535	0.000000	4.716659	0.000000	5.252335	13286.000000
5643	87.037611	86.543774	0.493837	2.592224	0.452380	0.000000	1.963277	13487.000000
14084	89.053760	88.958267	0.095493	2.607155	2.616241	0.000000	4.078244	12025.000000
25300	86.240840	86.168649	0.072191	11.438786	6.484681	0.000000	1.923845	13493.000000
43909	86.905958	86.884470	0.021488	2.960958	3.776098	0.000000	3.494237	13054.000000
18763	87.317538	87.248178	0.069361	0.625031	4.141633	0.000000	2.076280	13286.000000
41	87.032740	86.823731	0.209008	0.000000	1.608331	0.000000	0.352341	13495.000000
520	86.514342	86.294414	0.219928	5.148611	7.224379	0.000000	3.903557	13491.000000
7207	86.679223	86.522018	0.157205	2.365494	1.491232	0.000000	1.572831	13363.000000
21274	88.758825	88.530088	0.228737	0.026992	5.662194	0.000000	7.248234	13310.000000
7615	86.616315	86.577474	0.038841	1.546934	5.368128	0.000000	0.794275	13489.000000
14881	87.292078	86.804723	0.487355	3.423733	0.992891	0.000000	5.220604	13497.000000
11949	87.216520	86.364129	0.852391	4.180957	3.394569	0.000000	4.236341	13407.000000
36337	87.408511	87.568487	-0.159976	11.217791	6.015193	0.000000	0.304129	12803.000000
26118	87.423346	86.483366	0.939979	1.595285	3.673846	0.000000	0.045613	13491.000000
48473	87.114713	86.593508	0.521205	6.831482	1.328625	0.000000	2.686326	13438.000000
16366	87.896552	87.949245	-0.052693	1.132689	2.895926	0.000000	4.039643	13150.000000
42638	89.002305	88.937666	0.064639	1.159326	3.607298	0.000000	1.408914	11892.000000
30980	86.558218	86.501834	0.056384	2.990062	3.158396	0.000000	2.678665	13329.000000
23132	87.990981	87.764104	0.226877	2.325655	4.378096	0.000000	8.159611	13438.000000
40664	87.689460	87.325622	0.363839	2.565151	4.639883	0.000000	5.831693	13405.000000
7858	87.329670	86.940961	0.388709	0.858175	1.646858	0.000000	0.000000	13230.000000
23832	86.730424	86.541928	0.188496	4.528386	2.003830	0.000000	1.683648	13271.000000
574	86.403751	86.600254	-0.196503	3.866541	1.798877	0.000000	3.855847	13491.000000
46551	86.780831	86.541506	0.239325	2.983088	2.966646	0.000000	2.725235	13310.000000
28959	86.753487	86.837210	-0.083723	11.521690	10.099965	0.000000	1.173568	13255.000000
22885	86.909612	87.175262	-0.265650	1.468049	2.940467	0.000000	3.333670	13438.000000
48931	86.990769	86.829966	0.160803	1.477952	6.669086	0.000000	2.735480	13375.000000
27222	86.621833	86.575907	0.045926	12.207486	10.488985	0.000000	0.453624	13495.000000
32112	87.858371	87.580518	0.277853	3.371031	5.556378	0.000000	4.910958	12749.000000
7147	87.196050	86.950780	0.245270	5.573271	3.495651	0.000000	7.072737	13363.000000
17269	90.945164	89.937185	1.007979	1.055197	1.425560	0.000000	7.763092	12211.000000
14155	88.609470	88.676637	-0.067167	0.945901	1.062306	0.000000	0.464095	12025.000000
46284	88.226075	88.130669	0.095406	0.388135	3.939648	0.000000	5.678479	13439.000000
17697	87.939512	87.605445	0.334067	1.162795	3.785889	0.000000	3.316288	13095.000000
47934	89.365564	89.338916	0.026648	0.369595	0.000000	0.000000	3.909615	12366.000000
44632	87.211997	87.045421	0.166576	3.093298	4.089608	0.000000	4.492158	13213.000000
8778	87.173642	86.588117	0.585525	9.373957	9.576458	0.000000	4.264414	13327.000000
12469	88.273681	88.038587	0.235094	1.773067	2.031195	0.000000	5.499774	13113.000000
10129	89.467790	89.012199	0.455591	4.085957	2.059600	0.000000	5.899197	11881.000000
47992	88.612795	88.202120	0.410675	1.562627	0.000000	0.000000	1.631245	12366.000000
23373	87.334729	86.976855	0.357874	0.402038	0.069414	0.000000	0.485794	13375.000000
5186	86.958802	86.538246	0.420556	5.233691	0.668353	0.000000	3.150079	13421.000000
1957	86.337992	86.471799	-0.133807	9.684689	9.713860	0.000000	3.174847	13491.000000
25350	86.885986	86.773196	0.112790	0.242334	1.526709	0.000000	0.220003	13493.000000
24161	86.840104	86.632865	0.207239	0.972820	4.443744	0.000000	0.497072	13484.000000
33069	86.161877	86.260667	-0.098790	6.874473	6.066890	0.000000	3.916502	13489.000000
16515	87.456296	86.683551	0.772745	4.387575	5.651891	0.000000	4.314904	13150.000000
23892	87.274928	86.326809	0.948119	4.257116	4.059752	0.000000	3.472811	13271.000000
31563	87.850654	87.615450	0.235204	2.755728	1.401118	0.000000	6.049605	13187.000000
19968	88.047233	87.885710	0.161523	1.756711	2.402413	0.000000	1.973111	12471.000000
8539	88.179871	88.141262	0.038609	2.033207	2.628890	0.000000	7.936422	13320.000000
41122	86.793705	86.648279	0.145425	3.478075	4.503100	0.000000	2.833637	13285.000000
49782	87.379870	87.314158	0.065712	1.828193	4.680598	0.000000	4.597418	13322.000000
35497	89.292411	88.957681	0.334730	2.777579	3.263462	0.000000	4.172609	11881.000000
24879	86.627951	86.837394	-0.209443	12.302414	8.955630	0.000000	1.780577	13183.000000
3504	87.856744	87.799866	0.056878	3.913035	5.588699	0.000000	9.780154	13255.000000
23971	86.554587	86.489956	0.064631	4.702842	6.011417	0.000000	0.480145	13484.000000
14249	90.257609	89.874657	0.382953	1.232359	0.649302	0.000000	5.660230	11984.000000
4858	86.602263	86.176908	0.425355	4.038527	3.207054	0.000000	3.276372	13490.000000
6320	88.206601	88.191443	0.015158	0.963881	5.194277	0.000000	3.529030	12628.000000
14064	89.134540	88.983922	0.150618	3.663058	1.629692	0.000000	5.750579	12025.000000
25804	87.066049	86.352229	0.713820	7.533393	2.492259	0.000000	1.184197	13495.000000
22400	89.115749	89.086716	0.029033	1.745523	2.669016	0.000000	5.604552	12366.000000
2463	87.050790	86.614969	0.435821	4.447217	2.224157	0.000000	5.251863	13487.000000
43521	87.824873	87.646719	0.178155	2.613117	4.777489	0.000000	6.129898	13171.000000
871	87.008819	86.744926	0.263893	1.357514	5.762424	0.000000	1.156865	13311.000000
20975	90.680811	88.884585	1.796226	0.589688	3.619457	0.000000	10.970389	13439.000000
12910	88.550424	88.664176	-0.113752	0.971813	5.377097	0.000000	5.106397	12710.000000
33945	86.740875	86.705493	0.035382	2.486971	3.286165	0.000000	0.746581	13320.000000
1844	86.814117	86.207890	0.606228	3.219350	3.324735	0.000000	3.225303	13491.000000
15163	86.573321	86.269485	0.303836	3.673815	6.792636	0.000000	5.114925	13480.000000
40050	88.947239	88.949035	-0.001796	6.882063	3.001461	0.000000	6.090873	11984.000000
25688	86.967950	86.519173	0.448777	2.305322	0.000000	0.000000	0.838848	13495.000000
506	87.025989	86.933983	0.092006	1.240751	6.811999	0.000000	3.616949	13491.000000
13281	87.497845	87.312861	0.184984	2.362539	2.466851	0.000000	4.174586	13230.000000
43838	87.043051	86.926964	0.116087	5.011592	7.355874	0.000000	4.181538	13054.000000
27158	86.690226	86.307271	0.382955	3.293546	2.651883	0.000000	2.674597	13495.000000
7275	87.413917	87.121554	0.292363	3.707736	1.959505	0.000000	5.960889	13363.000000
21198	86.790564	86.692156	0.098408	6.114360	5.871710	0.000000	0.956889	13310.000000
7653	87.548132	87.634003	-0.085870	2.657887	2.480044	0.000000	7.580781	13489.000000
37610	87.104393	86.847106	0.257287	6.233365	4.914416	0.000000	5.319775	13183.000000
19230	87.375654	86.739218	0.636436	3.963919	1.953394	0.000000	2.491818	13213.000000
16974	89.763147	89.564454	0.198693	0.344185	0.978453	0.000000	4.184129	12211.000000
43833	86.972277	87.227376	-0.255099	2.345239	1.255381	0.000000	2.744603	13054.000000
33189	87.946818	87.138570	0.808248	0.150482	3.377059	0.000000	0.706350	13230.000000
42398	88.737616	88.957599	-0.219983	0.456214	3.447326	0.000000	2.098263	12211.000000
14286	90.100446	89.904509	0.195937	1.309446	2.211087	0.000000	6.377491	11984.000000
35766	90.088493	89.550741	0.537752	0.689501	0.000000	0.000000	2.677550	11881.000000
3210	87.289282	87.218238	0.071044	3.137518	2.874918	0.000000	5.308946	13255.000000
37615	86.727195	86.796932	-0.069737	4.122315	5.586849	0.000000	3.933680	13183.000000
15185	86.560390	86.262883	0.297508	11.996740	6.874496	0.000000	1.517451	13480.000000
34684	87.554574	87.502394	0.052181	0.636547	0.418281	0.000000	1.554265	13155.000000
24107	87.674775	87.379032	0.295744	0.911884	2.869734	0.000000	3.651737	13484.000000
46615	89.418442	88.818691	0.599751	0.257987	3.027717	0.000000	8.751336	13310.000000
10557	90.134088	89.825785	0.308303	1.797997	3.913174	0.000000	2.451285	11308.000000
20550	87.875217	88.303673	-0.428456	1.670005	0.582416	0.000000	3.108884	12626.000000
39377	88.782229	88.867833	-0.085604	2.953660	3.116074	0.000000	4.149687	12025.000000
36737	88.057335	88.059816	-0.002481	1.474132	3.889089	0.000000	6.799818	13379.000000
37978	87.238002	86.983367	0.254635	12.777603	11.593167	0.000000	0.760671	13113.000000
42206	89.317700	88.804514	0.513186	1.766437	4.235432	0.000000	4.133935	12211.000000
32077	87.975780	87.369359	0.606421	3.974417	5.569466	0.000000	5.039103	12749.000000
8831	86.606735	86.448384	0.158351	3.792814	4.525353	0.000000	3.116827	13327.000000
4185	86.324040	86.361393	-0.037353	7.998064	3.249533	0.000000	0.504599	13490.000000
8348	86.600421	86.697765	-0.097345	2.276817	1.544040	0.000000	1.257536	13320.000000
47463	87.864366	88.073967	-0.209601	0.991173	3.154327	0.000000	2.761941	12800.000000
45750	89.010367	88.950424	0.059942	0.000000	3.520054	0.000000	3.939156	12626.000000
8823	86.571276	86.543251	0.028025	3.913626	5.669385	0.000000	2.901061	13327.000000
50292	86.916689	86.924742	-0.008053	11.640609	9.314050	0.000000	1.855495	13183.000000
5636	86.598206	86.642263	-0.044058	4.734237	3.071860	0.000000	6.295190	13487.000000
49979	87.147053	86.446547	0.700506	4.694058	2.911512	0.000000	4.135363	13322.000000
36148	89.535800	89.883688	-0.347888	4.906944	1.454573	0.000000	5.060748	11308.000000
45759	87.945462	87.901681	0.043782	1.184135	1.595677	0.000000	1.521191	12626.000000
30055	86.328871	86.446910	-0.118039	6.277535	7.384965	0.000000	2.888690	13490.000000
45110	89.399163	88.866638	0.532525	0.000000	0.933143	0.000000	1.947866	12471.000000
14524	89.783060	89.312728	0.470332	1.776422	0.000000	0.000000	4.001883	11984.000000
48368	87.593044	87.535751	0.057292	0.444162	6.916452	0.000000	4.402977	13438.000000
49317	87.376378	87.211852	0.164526	0.266523	3.865765	0.000000	1.555071	13271.000000
5735	86.798002	86.723068	0.074933	4.493490	2.292952	0.000000	5.318627	13487.000000
26540	87.789615	87.310888	0.478727	2.605635	6.764285	0.000000	6.060284	13311.000000
39305	88.527202	88.924353	-0.397151	2.581401	1.647198	0.000000	2.736635	11889.000000
8917	88.000527	87.023726	0.976801	1.339387	2.464587	0.000000	2.614209	13327.000000
9457	88.015371	87.943144	0.072226	3.588367	5.224883	0.000000	4.541442	12401.000000
20727	88.931093	88.713947	0.217146	0.000000	1.487152	0.000000	2.727655	12626.000000
14364	89.153427	89.087743	0.065684	3.117270	2.341522	0.000000	5.286130	11984.000000
28789	86.621465	86.546863	0.074603	5.607199	4.288349	0.000000	3.631320	13255.000000
14553	88.688469	88.697571	-0.009102	2.926743	6.195260	0.000000	0.140219	11984.000000
39130	89.013018	88.923057	0.089961	1.152459	2.824924	0.000000	0.000000	11889.000000
29794	86.726726	86.646824	0.079902	1.655937	2.147342	0.000000	2.031942	13409.000000
16692	88.679842	88.543584	0.136258	1.799999	3.520805	0.000000	5.305132	12651.000000
25798	86.553327	86.408095	0.145232	14.862868	10.328650	0.000000	0.000000	13495.000000
16742	87.999501	88.388829	-0.389328	2.205240	2.791939	0.000000	4.765122	12651.000000
41907	88.613774	88.467003	0.146771	0.503359	2.237228	0.000000	2.540758	12651.000000
46664	87.980301	87.540225	0.440076	0.000000	4.355188	0.000000	2.478100	13310.000000
46165	87.877391	87.661783	0.215608	2.188950	6.269030	0.000000	7.128392	13439.000000
19400	89.450184	88.751742	0.698442	1.160631	1.983676	0.000000	8.631259	13213.000000
35765	89.975673	89.593585	0.382088	0.949329	1.581185	0.000000	3.625453	11881.000000
37723	87.885973	88.044218	-0.158245	0.061072	1.277885	0.000000	2.692945	13183.000000
30560	88.191655	87.322598	0.869057	1.901438	4.745834	0.000000	5.143372	13421.000000
43066	87.285229	87.067456	0.217772	1.264139	4.281426	0.000000	1.230375	13095.000000
29993	86.657317	86.565056	0.092260	14.230081	9.189012	0.000000	0.006446	13409.000000
13482	87.259515	87.092400	0.167115	1.563428	0.947067	0.000000	2.030236	13230.000000
42514	89.352691	88.946814	0.405876	2.572654	0.191489	0.000000	3.004573	11892.000000
49880	86.592908	86.613580	-0.020672	3.323318	5.077638	0.000000	2.236504	13322.000000
39396	89.462516	89.099796	0.362720	0.736033	6.312524	0.000000	3.199655	12025.000000
45802	88.232637	87.963536	0.269100	1.862561	0.000000	0.000000	2.270560	12626.000000
41746	86.796528	86.779179	0.017349	4.571418	5.396476	0.000000	3.011747	13150.000000
30709	86.167270	86.578253	-0.410983	5.641876	3.454174	0.000000	4.320969	13421.000000
44864	87.406417	87.460919	-0.054503	1.135703	2.411763	0.000000	1.867267	13104.000000
3599	86.696046	86.905454	-0.209408	3.769373	7.268339	0.000000	2.059068	13322.000000
14467	89.566749	89.080291	0.486458	2.592273	0.189929	0.000000	4.198681	11984.000000
43030	88.993073	88.933232	0.059840	0.300047	6.010206	0.000000	8.009147	13095.000000
39421	90.182539	89.585203	0.597336	0.312733	0.809526	0.000000	2.727613	12025.000000
17190	89.123807	88.524912	0.598895	2.398487	0.000000	0.000000	2.673256	12211.000000
9404	88.415660	88.165512	0.250148	3.892092	3.818405	0.000000	5.289059	12401.000000
29262	86.863405	86.432869	0.430537	3.670589	4.721709	0.000000	3.602769	13322.000000
7183	87.090503	86.999355	0.091148	4.258399	2.725260	0.000000	5.827966	13363.000000
34153	86.968894	86.686324	0.282570	3.957236	1.563401	0.000000	3.507220	13327.000000
2374	86.860140	86.279430	0.580709	7.029225	2.608581	0.000000	3.513603	13485.000000
41940	88.363497	88.384242	-0.020744	0.278854	0.204225	0.000000	1.571274	12651.000000
2470	86.499130	86.469057	0.030073	3.114651	1.837066	0.000000	3.386980	13487.000000
45326	88.137119	88.253301	-0.116182	0.976695	0.323401	0.000000	0.625391	12471.000000
25538	86.358248	86.334604	0.023644	11.401221	6.377995	0.000000	0.462985	13495.000000
20925	88.149905	87.979824	0.170081	0.827694	1.614032	0.000000	5.301764	13439.000000
47107	88.127566	87.724328	0.403238	1.119589	0.265414	0.000000	2.509084	12994.000000
35095	87.978733	88.153287	-0.174554	4.932341	1.592256	0.000000	4.236988	12401.000000
41960	89.319693	88.850040	0.469653	0.000000	3.049896	0.000000	3.842295	12651.000000
38802	88.886242	88.557654	0.328588	0.614680	1.303522	0.000000	6.048647	13230.000000
42519	89.113584	88.956875	0.156709	1.294452	2.773198	0.000000	1.752994	11892.000000
36600	86.751004	86.500689	0.250315	5.890347	2.412078	0.000000	3.333535	13379.000000
50059	86.486954	86.498537	-0.011583	6.509773	6.215990	0.000000	1.026649	13322.000000
47106	88.027968	87.994563	0.033404	0.000000	2.010118	0.000000	1.925669	12994.000000
46756	88.186951	87.680716	0.506235	0.000000	0.000000	0.000000	1.485377	13143.000000
5501	86.447649	86.654845	-0.207196	5.084999	3.084040	0.000000	4.493397	13329.000000
38056	88.150658	87.703308	0.447350	2.098560	5.623054	0.000000	5.677131	13113.000000
14700	86.702023	86.482785	0.219238	6.052688	1.912715	0.000000	4.331876	13497.000000
1289	86.884624	86.564075	0.320549	2.902773	4.340456	0.000000	4.472269	13440.000000
1457	86.722056	86.486574	0.235483	3.774800	3.958647	0.000000	4.608633	13495.000000
48798	87.160257	86.596016	0.564241	3.468737	4.282089	0.000000	4.362750	13375.000000
19130	87.231929	87.007722	0.224207	1.267581	0.594881	0.000000	1.008239	13213.000000
547	86.696717	86.537414	0.159304	1.969158	1.909637	0.000000	1.365698	13491.000000
36547	86.476506	86.630301	-0.153795	4.382010	1.801549	0.000000	4.292472	13379.000000
15348	87.145668	87.170413	-0.024744	1.244962	0.868931	0.000000	2.489008	13405.000000
315	87.490173	87.463694	0.026479	1.614817	2.991403	0.000000	5.176599	13495.000000
26481	86.958685	86.902280	0.056405	0.891448	4.964209	0.000000	0.953970	13311.000000
3849	87.039057	86.463781	0.575276	13.324966	4.201890	0.000000	2.107040	13322.000000
31331	86.403094	86.425621	-0.022527	2.458860	3.035891	0.000000	2.302402	13487.000000
22208	89.555440	88.708815	0.846624	0.000000	4.129263	0.000000	4.217736	12800.000000
39095	90.504858	90.106384	0.398474	0.000000	4.321225	0.000000	5.108125	11875.000000
15642	87.130212	86.969454	0.160758	0.602982	1.264999	0.000000	0.861911	13405.000000
49436	86.841801	86.698511	0.143290	1.090209	4.840909	0.000000	1.550827	13484.000000
4115	86.498477	86.108213	0.390264	6.336748	5.600531	0.000000	5.035721	13490.000000
30041	86.474988	86.433182	0.041806	8.952432	6.085499	0.000000	2.167688	13409.000000
25193	86.216231	86.292437	-0.076205	11.642993	6.703247	0.000000	2.614887	13463.000000
50098	86.799366	86.492268	0.307098	5.138230	4.483438	0.000000	3.619547	13322.000000
3440	86.812377	86.848193	-0.035817	2.025489	0.924166	0.000000	2.225922	13255.000000
26258	86.836366	86.641883	0.194483	12.689358	8.721953	0.000000	2.921999	13311.000000
32897	86.431643	86.622656	-0.191013	14.180792	11.537697	0.000000	0.000000	13489.000000
10114	89.945319	89.228460	0.716859	3.598812	1.706704	0.000000	6.123115	11881.000000
29093	86.659286	86.872408	-0.213122	3.660327	5.335923	0.000000	0.703886	13322.000000
23152	87.398787	87.232998	0.165788	0.910027	0.209073	0.000000	2.565525	13438.000000
29221	86.779139	86.923809	-0.144669	1.602545	3.344127	0.000000	1.745870	13322.000000
4604	86.836863	86.156600	0.680263	13.172610	4.879733	0.000000	1.660651	13490.000000
19727	90.585014	88.450817	2.134197	0.000000	4.579510	0.000000	4.839863	13104.000000
50441	86.671800	86.781065	-0.109266	4.453032	2.409626	0.000000	3.694355	13183.000000
30441	86.603961	86.456925	0.147036	4.239554	7.307673	0.000000	2.757493	13421.000000
41342	87.385748	87.200729	0.185018	4.064498	3.937835	0.000000	6.687856	13285.000000
5322	86.515123	86.594470	-0.079348	2.752996	1.160973	0.000000	1.688031	13329.000000
17172	89.080407	89.117178	-0.036771	1.623061	1.992147	0.000000	4.395176	12211.000000
50091	86.712007	86.646819	0.065188	2.351674	2.425518	0.000000	2.085027	13322.000000
6033	87.419573	87.225557	0.194016	3.638663	3.410120	0.000000	4.977224	13187.000000
22301	88.045779	88.297432	-0.251653	1.402214	1.812400	0.000000	3.620892	12800.000000
27926	86.395121	86.501719	-0.106598	6.584910	6.261861	0.000000	2.440937	13485.000000
14321	89.608754	89.227326	0.381428	1.826550	0.308051	0.000000	4.278162	11984.000000
17761	88.077304	88.067688	0.009616	2.496950	5.284656	0.000000	7.281863	13095.000000
1107	87.041477	86.728885	0.312592	0.736340	2.791160	0.000000	0.000000	13440.000000
6577	88.259698	88.493897	-0.234199	2.288747	3.594567	0.000000	5.507072	12628.000000
31937	88.448871	87.987457	0.461415	1.673475	0.000000	0.000000	2.665658	12628.000000
39256	89.877038	89.594947	0.282091	1.698314	1.857891	0.000000	4.806402	11889.000000
23395	89.412374	88.736785	0.675590	0.627847	3.778110	0.000000	9.777146	13375.000000
39155	89.716935	89.628907	0.088027	0.502585	0.905686	0.000000	2.732665	11875.000000
2493	87.060290	86.874128	0.186162	5.368111	4.555340	0.000000	7.747311	13487.000000
43035	89.231903	89.021365	0.210538	0.723369	6.443504	0.000000	10.014452	13095.000000
10565	90.559750	90.240225	0.319525	1.502118	1.215926	0.000000	3.450237	11308.000000
47258	87.626625	87.579044	0.047581	0.790199	3.661342	0.000000	1.709089	12994.000000
29554	86.674363	86.666706	0.007657	1.554361	4.781383	0.000000	2.282891	13490.000000
24901	87.067454	86.581374	0.486080	7.189631	7.144840	0.000000	4.272417	13183.000000
18422	87.309779	87.140485	0.169294	8.699738	7.856258	0.000000	0.000000	13054.000000
27514	86.303976	86.389622	-0.085646	6.084864	7.380565	0.000000	0.860943	13491.000000
20241	89.040516	89.041854	-0.001338	2.557300	3.698738	0.000000	3.496550	11797.000000
16893	89.481648	89.292163	0.189485	0.616945	3.756646	0.000000	7.133019	12651.000000
40512	89.135814	88.453104	0.682710	0.570622	4.446908	0.000000	7.935911	13405.000000
32687	86.588600	86.582486	0.006115	12.207787	10.513477	0.000000	0.702053	13363.000000
8837	86.433831	86.533205	-0.099374	4.742118	4.348326	0.000000	2.771213	13327.000000
17713	87.378012	87.493361	-0.115350	0.631719	1.897521	0.000000	1.470028	13095.000000
15132	86.514999	86.576398	-0.061399	7.245695	6.372026	0.000000	0.000000	13480.000000
17937	87.600120	87.627500	-0.027380	0.800140	0.000000	0.000000	1.697780	13095.000000
33001	86.253072	86.359986	-0.106914	4.624012	1.711001	0.000000	2.669164	13489.000000
20832	87.781155	87.600542	0.180613	3.385827	1.898882	0.000000	3.302410	12626.000000
43676	89.199187	88.358683	0.840504	0.000000	0.064857	0.000000	3.417088	13054.000000
44477	88.774777	88.505891	0.268885	0.437071	1.475115	0.000000	5.502509	13213.000000
48039	89.127763	89.218053	-0.090289	0.615349	2.375697	0.000000	4.161491	12366.000000
47027	88.213183	87.974666	0.238517	0.183833	0.279904	0.000000	1.273531	12994.000000
20927	87.618943	86.819079	0.799864	0.180598	2.692194	0.000000	0.749927	13439.000000
26496	87.977455	88.177827	-0.200372	0.000000	2.592852	0.000000	4.173375	13311.000000
7640	86.996715	86.606160	0.390555	2.287135	3.797294	0.000000	3.498627	13489.000000
6819	87.870235	87.961581	-0.091346	3.959970	3.352625	0.000000	5.890305	12749.000000
5770	86.213023	86.307651	-0.094628	3.700050	4.648451	0.000000	3.839995	13487.000000
25808	86.191036	86.187846	0.003190	14.164874	5.394104	0.000000	0.264313	13495.000000
11787	87.562878	87.133707	0.429171	1.540974	0.928869	0.000000	3.263562	13407.000000
10429	91.196409	90.548409	0.648000	1.524311	1.703212	0.000000	4.976679	11308.000000
48800	87.119896	86.456035	0.663861	4.667283	6.300756	0.000000	5.318161	13375.000000
22924	86.606004	86.561521	0.044483	2.377385	2.148148	0.000000	2.702277	13438.000000
45645	89.552088	89.237818	0.314271	2.665772	1.101669	0.000000	4.031043	11797.000000
22847	87.416829	87.544920	-0.128091	1.908628	2.218610	0.000000	1.336435	12772.000000
11439	87.952812	87.465862	0.486950	0.826137	0.691065	0.000000	3.038104	13488.000000
19575	87.281081	87.110622	0.170460	3.013061	4.201869	0.000000	4.228100	13104.000000
5159	86.252219	86.239650	0.012568	5.546527	6.012352	0.000000	4.635277	13421.000000
11319	86.910162	86.442759	0.467402	3.630543	2.660932	0.000000	1.814870	13379.000000
2417	86.983792	86.470274	0.513519	2.871448	0.422161	0.000000	2.374213	13485.000000
19416	87.424986	87.699621	-0.274635	2.446063	2.094454	0.000000	5.761917	13213.000000
32136	87.847855	87.628814	0.219041	2.909809	1.594378	0.000000	3.321839	12749.000000
8133	87.507113	87.255991	0.251122	2.940146	2.125877	0.000000	2.749160	12846.000000
46510	87.074456	86.909748	0.164709	1.519706	5.131319	0.000000	2.044915	13310.000000
12543	87.577905	87.151538	0.426367	2.531155	1.283940	0.000000	3.383305	13113.000000
17191	88.670663	88.334988	0.335674	5.584208	1.015215	0.000000	1.002806	12211.000000
20683	89.029482	89.024100	0.005382	1.419510	4.247611	0.000000	6.966014	12626.000000
2598	86.543826	86.400960	0.142866	8.624659	9.400083	0.000000	1.377076	13487.000000
45039	88.750125	88.410949	0.339176	0.258973	1.408221	0.000000	0.949610	12471.000000
44495	87.531036	87.406137	0.124900	0.776200	0.000000	0.000000	1.509437	13213.000000
44446	88.393533	88.290177	0.103356	0.525431	0.025913	0.000000	4.639318	13213.000000
40604	88.291969	88.252238	0.039731	1.646969	4.580338	0.000000	8.849482	13405.000000
47420	89.914164	89.519712	0.394452	0.305037	5.369414	0.000000	9.219710	12800.000000
48652	87.556093	86.768839	0.787255	0.505777	1.597271	0.000000	0.000000	13438.000000
107	86.129724	86.315714	-0.185990	10.179506	6.151392	0.000000	0.413339	13495.000000
11510	86.293975	86.092593	0.201381	5.068176	4.188694	0.000000	3.673057	13488.000000
44907	87.512770	87.475398	0.037372	2.618299	3.772833	0.000000	4.670699	13104.000000
31473	87.330231	86.713580	0.616651	3.909694	1.889644	0.000000	4.517444	13487.000000
34325	86.446623	86.774836	-0.328214	2.130762	0.996030	0.000000	1.739440	13327.000000
18058	87.113032	87.101606	0.011426	0.731794	2.842284	0.000000	0.306905	13171.000000
469	87.587171	87.318590	0.268581	2.427132	5.294116	0.000000	6.643340	13491.000000
44404	87.768781	86.994519	0.774262	1.696931	0.238897	0.000000	1.078552	13213.000000
36824	86.483897	86.548438	-0.064541	14.372935	9.645036	0.000000	1.975001	13379.000000
11309	87.151265	87.103400	0.047865	3.903022	2.987900	0.000000	6.423757	13379.000000
16752	87.490727	87.691046	-0.200319	2.391476	2.939586	0.000000	2.201432	12651.000000
17662	87.673716	87.631148	0.042568	0.581407	0.000000	0.000000	1.573557	13095.000000
30923	86.427914	86.372977	0.054937	8.327662	4.354443	0.000000	1.788191	13329.000000
26527	87.257572	87.307169	-0.049597	0.539420	5.413989	0.000000	2.846521	13311.000000
43746	88.605426	88.629863	-0.024437	0.851780	1.080458	0.000000	6.080766	13054.000000
30983	87.159013	86.557615	0.601398	3.039122	1.845816	0.000000	2.828799	13329.000000
15156	86.999234	86.558651	0.440583	3.350011	4.155985	0.000000	4.824252	13480.000000
30263	86.924989	87.024070	-0.099081	0.826157	0.460704	0.000000	1.482250	13490.000000
49309	87.929534	87.616738	0.312796	3.054219	2.335048	0.000000	6.801205	13271.000000
1259	86.801383	86.980574	-0.179191	2.033843	1.590235	0.000000	3.633761	13440.000000
15284	86.689658	86.902998	-0.213340	1.359300	0.574454	0.000000	2.245862	13480.000000
7068	86.557374	86.635626	-0.078252	2.416750	3.142845	0.000000	2.584596	13363.000000
1597	86.523179	86.161025	0.362153	6.541574	6.430552	0.000000	5.143400	13495.000000
38325	87.403461	87.689807	-0.286346	3.051649	5.601835	0.000000	2.286152	12710.000000
29624	86.509114	86.474602	0.034512	4.774425	7.264109	0.000000	1.834714	13490.000000
20719	87.794235	87.762321	0.031914	1.118268	3.692424	0.000000	0.000000	12626.000000
47969	88.565599	88.503697	0.061902	0.836142	2.397786	0.000000	1.415688	12366.000000
31796	88.523152	88.331006	0.192146	0.799072	0.371811	0.000000	2.112884	12628.000000
50206	86.515231	86.577843	-0.062612	9.459293	7.291314	0.000000	3.750178	13183.000000
43182	87.280370	86.976896	0.303474	3.006976	4.441792	0.000000	4.150725	13095.000000
10348	90.367309	90.210268	0.157041	0.191931	1.002357	0.000000	1.286529	11308.000000
22528	89.060790	88.982742	0.078048	0.086395	4.147240	0.000000	3.321574	12366.000000
41622	88.262111	88.245763	0.016348	0.827950	2.574823	0.000000	4.973946	13150.000000
32673	87.100417	86.486158	0.614259	6.399468	2.108365	0.000000	4.063192	13363.000000
4874	86.575781	86.519094	0.056687	2.125771	3.726977	0.000000	1.373335	13490.000000
22608	88.394352	88.229585	0.164766	4.755897	1.296538	0.000000	4.324058	12366.000000
18319	89.741315	88.743759	0.997556	0.000000	5.439267	0.000000	6.833848	13171.000000
6667	88.129616	87.821519	0.308097	3.381902	0.504179	0.000000	3.811920	12749.000000
16184	87.310075	86.833064	0.477010	1.801861	2.007156	0.000000	2.255724	13285.000000
14979	87.500116	86.800459	0.699657	0.986168	0.000000	0.000000	1.005281	13480.000000
77	87.170308	86.842898	0.327410	0.425812	4.147184	0.000000	0.768696	13495.000000
13780	89.504853	89.234301	0.270553	1.060076	1.204132	0.000000	2.359073	11875.000000
29693	87.150367	86.480798	0.669569	4.634632	3.475263	0.000000	3.858941	13409.000000
23183	86.460005	86.247711	0.212294	4.309293	2.461673	0.000000	2.270331	13438.000000
160	86.357641	86.399785	-0.042144	13.802162	10.284319	0.000000	2.391849	13495.000000
21431	87.429111	87.082189	0.346922	1.528116	3.351033	0.000000	1.618100	13143.000000
34685	87.383696	87.499146	-0.115450	0.870788	1.519512	0.000000	1.861087	13155.000000
32900	87.011732	86.873774	0.137958	2.590651	0.402574	0.000000	3.639154	13489.000000
43715	89.009415	86.993662	2.015753	5.987828	1.281752	0.000000	0.385172	13054.000000
3435	86.862486	86.797176	0.065310	1.985018	3.433334	0.000000	1.745743	13255.000000
46768	87.984754	87.461920	0.522834	1.274256	0.000000	0.000000	2.329034	13143.000000
28314	86.327576	86.253449	0.074127	3.174629	3.538490	0.000000	2.850657	13447.000000
41843	88.040923	87.715508	0.325415	1.723292	1.938956	0.000000	1.761564	12651.000000
5667	86.983126	86.795717	0.187409	5.469053	3.593596	0.000000	7.364616	13487.000000
45223	88.231409	88.226028	0.005381	2.245714	3.263913	0.000000	3.970206	12471.000000
5714	86.498362	86.274068	0.224294	4.100929	3.713826	0.000000	3.014151	13487.000000
1934	86.532617	86.496425	0.036192	14.790822	11.531876	0.000000	1.609379	13491.000000
19801	88.091162	87.915872	0.175290	1.851293	0.841859	0.000000	5.362213	13104.000000
17594	90.924406	90.516686	0.407720	1.197481	4.111884	0.000000	9.293152	11892.000000
9606	88.891363	88.259025	0.632338	0.979515	2.091207	0.000000	1.743802	12401.000000
27981	86.518627	86.494410	0.024217	9.293495	8.410864	0.000000	1.141263	13487.000000
3776	86.416444	86.737154	-0.320710	3.029908	4.689601	0.000000	1.402835	13322.000000
17301	89.693741	89.195922	0.497819	1.461611	0.000000	0.000000	4.703762	12211.000000
3999	86.534629	86.344215	0.190414	3.957095	3.630353	0.000000	3.172527	13490.000000
20046	88.768169	88.752438	0.015731	0.000000	1.454745	0.000000	1.400407	12471.000000
19642	87.339112	87.337089	0.002024	1.364821	2.520428	0.000000	2.585076	13104.000000
32894	87.846499	87.433618	0.412881	2.605352	1.254365	0.000000	6.636356	13489.000000
13480	87.745336	87.293011	0.452326	2.132325	2.645120	0.000000	3.842572	13230.000000
24337	86.623732	86.516364	0.107368	3.256328	1.277525	0.000000	1.852950	13322.000000
2330	86.736036	86.603761	0.132275	5.589964	2.438589	0.000000	4.878163	13485.000000
22411	88.338583	88.447460	-0.108877	1.352519	0.077392	0.000000	1.750198	12366.000000
1002	87.209741	87.123878	0.085863	0.488851	4.203287	0.000000	1.490696	13311.000000
15800	87.173583	86.906965	0.266618	2.557252	3.148719	0.000000	3.132229	13141.000000
25636	88.827005	88.668012	0.158992	1.171918	4.145273	0.000000	10.858875	13495.000000
13899	89.633001	89.291801	0.341200	0.691866	0.000000	0.000000	2.460668	12025.000000
28112	86.471496	86.707213	-0.235717	1.320040	1.571005	0.000000	0.099140	13487.000000
12516	87.251972	87.120956	0.131016	1.973766	2.718501	0.000000	2.819038	13113.000000
15660	87.509651	87.363937	0.145714	1.435835	1.668465	0.000000	2.941868	13141.000000
34096	86.827607	86.686000	0.141607	5.912377	7.904644	0.000000	1.489108	13327.000000
13768	89.304030	89.278459	0.025571	0.267815	0.848837	0.000000	0.524977	11875.000000
32114	88.135002	87.767939	0.367063	3.324199	6.216134	0.000000	5.653402	12749.000000
5099	86.499146	86.451687	0.047460	4.785270	6.385242	0.000000	3.334925	13421.000000
24244	86.644185	86.447257	0.196929	1.998286	1.334253	0.000000	2.122984	13484.000000
30630	86.966504	86.295348	0.671156	3.498522	2.075388	0.000000	3.118431	13421.000000
45558	89.463408	89.139913	0.323495	3.183640	0.792676	0.000000	4.350078	11797.000000
5329	87.205581	86.916319	0.289262	2.372137	0.045209	0.000000	2.331236	13329.000000
41280	87.568681	87.212559	0.356122	0.453768	1.582087	0.000000	1.046006	13285.000000
2520	87.263752	86.652078	0.611674	4.643835	3.586530	0.000000	5.489231	13487.000000
4558	86.645538	86.574500	0.071038	3.940621	3.203320	0.000000	3.466159	13409.000000
23172	87.823949	87.878440	-0.054491	0.520784	6.292651	0.000000	5.378104	13438.000000
23389	88.586866	88.375807	0.211059	1.568518	3.083122	0.000000	8.704582	13375.000000
8271	87.511797	87.240887	0.270910	2.432928	1.640295	0.000000	4.665284	13320.000000
23861	87.881145	87.816341	0.064804	2.063740	4.341505	0.000000	6.332260	13271.000000
13870	89.170066	89.205708	-0.035642	0.142778	2.544132	0.000000	1.687254	12025.000000
45139	89.405018	88.737775	0.667243	0.000000	1.489946	0.000000	1.929832	12471.000000
40126	86.037104	86.140580	-0.103476	8.475318	2.248355	0.000000	2.699332	13497.000000
33359	86.805011	86.698696	0.106314	5.235837	6.518769	0.000000	2.886406	13230.000000
1678	86.237654	86.340288	-0.102635	4.121543	2.399529	0.000000	3.926403	13495.000000
42234	89.575531	89.392678	0.182853	0.473091	3.149353	0.000000	4.141320	12211.000000
35396	88.740095	88.442617	0.297478	0.459746	2.474986	0.000000	0.777609	12248.000000
42642	89.132390	89.185880	-0.053490	0.993334	0.938615	0.000000	1.669012	11892.000000
46500	87.289653	86.503817	0.785836	2.837439	4.503281	0.000000	2.968407	13310.000000
45177	89.327637	89.096585	0.231052	0.247996	2.396858	0.000000	3.925618	12471.000000
39760	89.308803	89.246666	0.062136	0.000000	0.785638	0.000000	1.041316	11984.000000
30583	87.459400	87.047509	0.411891	2.513865	0.988182	0.000000	3.938100	13421.000000
34394	86.821654	86.696941	0.124713	11.693588	9.511944	0.000000	0.378653	13327.000000
18701	88.360083	88.574691	-0.214609	1.401964	2.429746	0.000000	6.597816	13054.000000
39799	89.847091	89.612968	0.234123	0.237365	2.798102	0.000000	3.329876	11984.000000
6551	87.866220	87.846788	0.019433	1.552796	0.035404	0.000000	1.110284	12628.000000
6524	87.779055	87.792251	-0.013196	3.510299	0.061776	0.000000	1.621307	12628.000000
50019	87.348543	86.906757	0.441785	1.465417	0.827355	0.000000	1.728292	13322.000000
36980	87.192141	86.762790	0.429350	2.774832	1.854586	0.000000	4.247453	13488.000000
38200	87.595992	87.033914	0.562079	2.709219	0.362730	0.000000	2.606505	13113.000000
2785	86.380569	86.432636	-0.052067	7.374128	6.722024	0.000000	0.494967	13487.000000
3369	86.983287	86.892778	0.090508	4.803542	2.050416	0.000000	4.510328	13255.000000
25314	86.777586	86.629366	0.148220	6.145489	3.380934	0.000000	5.070016	13493.000000
13374	87.123117	86.934566	0.188551	3.742655	4.635911	0.000000	5.344838	13230.000000
43763	87.790024	87.639975	0.150049	0.363598	5.365577	0.000000	2.485025	13054.000000
26302	86.985643	86.912916	0.072727	0.956463	5.481942	0.000000	1.988178	13311.000000
32447	86.570758	86.754274	-0.183516	4.880326	3.897197	0.000000	5.099196	13363.000000
14937	88.803641	88.469313	0.334328	1.389086	4.345723	0.000000	9.830003	13497.000000
20875	87.622895	87.668475	-0.045580	0.560516	4.133979	0.000000	4.107688	13439.000000
18557	87.296891	87.450549	-0.153658	1.216715	5.330242	0.000000	1.972413	13054.000000
48571	86.824573	86.277397	0.547176	5.320765	6.404182	0.000000	5.245235	13438.000000
26457	88.354651	88.137391	0.217259	0.559711	6.033402	0.000000	5.784512	13311.000000
44265	86.669231	86.691416	-0.022184	2.126310	4.163648	0.000000	1.790112	13286.000000
40782	87.154642	86.767371	0.387271	4.824607	4.828122	0.000000	4.290635	13141.000000
7968	87.378075	87.537955	-0.159880	2.351840	5.207090	0.000000	1.764429	12846.000000
13845	89.568071	89.374241	0.193830	0.000000	3.099189	0.000000	1.962496	11875.000000
16111	87.429401	86.884686	0.544716	4.491502	5.292861	0.000000	6.035400	13285.000000
30651	87.117656	86.777211	0.340445	3.025163	2.095443	0.000000	4.129725	13421.000000
6221	87.985603	87.597412	0.388192	2.041194	5.149202	0.000000	5.457026	13187.000000
31902	88.188775	87.760124	0.428651	2.329237	1.722222	0.000000	2.959129	12628.000000
32487	86.828446	86.646841	0.181605	4.935111	2.150535	0.000000	4.610412	13363.000000
2119	86.856404	87.065692	-0.209287	0.620839	0.487643	0.000000	1.297526	13485.000000
10491	90.099580	89.809899	0.289681	2.600979	2.031631	0.000000	3.738401	11308.000000
21749	88.084062	87.954000	0.130062	1.291690	1.059853	0.000000	3.285078	12994.000000
24967	86.710181	86.077504	0.632678	14.157000	6.233462	0.000000	2.491200	13463.000000
5384	86.409473	86.916248	-0.506775	4.603025	2.581237	0.000000	6.021569	13329.000000
23277	87.330605	87.346831	-0.016226	2.082423	4.000831	0.000000	4.920283	13375.000000
39077	90.724530	90.457229	0.267301	0.165125	1.481906	0.000000	6.078177	11875.000000
41937	88.285962	88.109995	0.175967	0.270334	1.162267	0.000000	0.499162	12651.000000
45069	88.924016	88.827046	0.096970	0.982865	0.614798	0.000000	3.497036	12471.000000
45475	89.871300	89.835437	0.035863	1.113850	2.536055	0.000000	4.550186	11797.000000
34059	86.413641	86.666948	-0.253307	10.855186	9.590466	0.000000	3.195119	13320.000000
9548	88.540216	88.066166	0.474050	3.849352	0.728521	0.000000	2.971828	12401.000000
1613	86.500042	86.531882	-0.031840	12.944402	10.007463	0.000000	1.293236	13495.000000
17645	89.538401	89.218663	0.319738	1.151606	0.339027	0.000000	2.113533	11892.000000
34385	87.314398	87.033056	0.281342	5.611733	5.454746	0.000000	7.488436	13327.000000
28514	86.430790	86.673710	-0.242920	2.447704	5.755767	0.000000	1.685369	13447.000000
47351	88.370589	88.142927	0.227661	1.541099	2.957109	0.000000	5.136192	12994.000000
49194	86.623664	86.655422	-0.031758	3.676907	3.361236	0.000000	3.435611	13271.000000
36190	89.932397	90.001120	-0.068723	4.865406	4.125427	0.000000	6.123829	11308.000000
33292	86.823909	86.830625	-0.006716	2.906144	6.140146	0.000000	2.330413	13230.000000
5349	87.479878	87.181621	0.298257	3.391339	4.518505	0.000000	6.085609	13329.000000
24398	87.697183	87.651552	0.045631	1.063262	3.685439	0.000000	4.297847	13322.000000
33505	87.501032	87.387428	0.113605	1.798027	0.680139	0.000000	0.266052	12846.000000
9053	87.381574	87.226842	0.154732	3.072522	3.360919	0.000000	4.462767	13155.000000
32787	87.018773	86.128311	0.890462	6.608637	5.551521	0.000000	5.189221	13489.000000
16016	88.970465	88.680871	0.289594	0.514848	3.318679	0.000000	7.939451	13285.000000
15769	86.991422	86.909033	0.082389	4.791127	6.267692	0.000000	3.626171	13141.000000
10962	88.175602	87.534593	0.641009	4.387246	0.747862	0.000000	4.371453	12803.000000
42336	89.368438	89.068644	0.299794	0.074567	0.556337	0.000000	1.848478	12211.000000
10580	90.403196	89.928652	0.474544	2.432379	1.029914	0.000000	3.728282	11308.000000
10329	90.290901	90.064086	0.226815	1.320284	6.186937	0.000000	7.549639	11881.000000
46918	87.834588	87.644792	0.189795	0.537814	3.940119	0.000000	2.725353	13143.000000
12143	88.044918	87.772880	0.272038	0.000000	0.662761	0.000000	1.492572	13183.000000
12560	87.731163	87.633400	0.097763	3.270112	2.981981	0.000000	5.877188	13113.000000
7397	86.915406	86.831819	0.083587	4.353806	2.916512	0.000000	5.183726	13489.000000
9181	87.480886	87.219688	0.261197	4.482595	1.920843	0.000000	5.630410	13155.000000
8976	87.601682	87.032700	0.568983	2.780795	0.232136	0.000000	2.889493	13155.000000
42386	89.231063	89.243016	-0.011953	1.771596	3.238008	0.000000	5.266985	12211.000000
22894	86.536773	86.657042	-0.120269	2.091925	1.148856	0.000000	1.615313	13438.000000
29120	87.541181	87.392546	0.148635	3.510272	2.510452	0.000000	6.756423	13322.000000
21333	87.586974	87.466231	0.120743	1.133369	3.449675	0.000000	3.619658	13310.000000
5163	86.337902	86.195772	0.142130	4.926733	4.283920	0.000000	3.327855	13421.000000
4103	86.291544	86.214229	0.077315	4.994419	6.550275	0.000000	3.819797	13490.000000
31744	88.103979	87.614711	0.489268	4.238956	5.330215	0.000000	5.095773	12628.000000
3574	86.769087	86.743028	0.026059	3.215739	1.314227	0.000000	3.709204	13322.000000
8222	88.416396	88.087639	0.328756	1.135985	1.748781	0.000000	3.121634	12846.000000
24590	86.960836	86.648983	0.311854	4.489954	4.851415	0.000000	5.295975	13322.000000
10522	90.102576	89.632276	0.470300	2.972365	4.430175	0.000000	3.562264	11308.000000
7483	86.653805	86.179345	0.474460	10.628510	5.447913	0.000000	3.637314	13489.000000
32226	87.605255	87.746713	-0.141458	2.997981	0.948679	0.000000	3.504266	12749.000000
7270	86.676054	86.532018	0.144035	2.680908	0.089550	0.000000	1.697873	13363.000000
49060	87.240281	86.936599	0.303682	1.491164	6.218410	0.000000	1.813278	13271.000000
1179	86.812251	86.799877	0.012374	0.441560	2.386476	0.000000	0.210123	13440.000000
5395	87.159354	86.706789	0.452566	4.182814	3.919860	0.000000	5.048657	13329.000000
48180	87.329990	87.466499	-0.136509	4.268365	1.345460	0.000000	2.880614	12772.000000
39485	89.600948	89.485706	0.115242	1.893703	1.134344	0.000000	5.169165	12025.000000
48397	88.006519	88.181971	-0.175452	0.555844	4.076016	0.000000	6.064099	13438.000000
25793	87.762750	87.713194	0.049556	2.509161	3.487403	0.000000	8.280358	13495.000000
33542	87.772750	87.385495	0.387255	4.981978	5.054238	0.000000	0.000000	12846.000000
11953	87.061353	86.391020	0.670332	4.972307	6.062232	0.000000	3.825477	13407.000000
41605	88.360364	88.270763	0.089600	0.920762	3.729142	0.000000	5.570136	13150.000000
48330	90.499334	89.367135	1.132199	0.544580	3.959440	0.000000	8.600557	12772.000000
7541	86.627287	86.306839	0.320448	3.110028	3.732728	0.000000	2.053608	13489.000000
33470	88.198127	87.846528	0.351599	1.552026	2.683097	0.000000	3.447680	12846.000000
21752	87.258575	87.135868	0.122708	4.115571	2.843865	0.000000	1.409320	12994.000000
47336	88.059284	88.059518	-0.000234	0.101289	3.788427	0.000000	2.983890	12994.000000
48128	87.334322	87.309157	0.025165	2.529336	2.604061	0.000000	2.306977	12772.000000
32481	87.290534	87.006747	0.283787	4.047946	1.982216	0.000000	5.838784	13363.000000
18484	87.103830	87.213256	-0.109426	1.596465	2.987010	0.000000	1.964303	13054.000000
1495	86.664591	86.603995	0.060596	3.517314	2.373719	0.000000	4.152822	13495.000000
36051	90.135608	89.826886	0.308722	2.586761	1.435669	0.000000	3.339560	11308.000000
11203	86.357991	86.672890	-0.314899	4.859255	4.719407	0.000000	5.638258	13379.000000
1619	86.286758	86.413465	-0.126707	5.109257	5.634572	0.000000	5.773999	13495.000000
24826	87.142278	86.816013	0.326265	3.450111	2.804221	0.000000	2.939752	13183.000000
39494	89.331285	89.213102	0.118183	0.017927	2.009363	0.000000	1.680848	12025.000000
4928	87.785507	87.083164	0.702344	1.292403	1.829352	0.000000	2.559992	13421.000000
17562	89.614057	89.173173	0.440884	0.420446	4.320182	0.000000	1.724910	11892.000000
1717	86.800595	86.372392	0.428204	5.749988	2.099619	0.000000	4.705431	13495.000000
17057	89.047392	89.091304	-0.043912	2.011717	1.883335	0.000000	4.933673	12211.000000
7701	87.808757	87.412199	0.396558	3.441502	2.610625	0.000000	6.047514	13230.000000
29898	86.432375	86.459209	-0.026834	3.584774	1.962197	0.000000	1.575508	13409.000000
2046	86.582404	86.775214	-0.192810	2.719325	1.410741	0.000000	3.787014	13491.000000
13820	90.432151	89.429241	1.002910	0.792014	0.000000	0.000000	2.123818	11875.000000
28768	87.395675	87.162901	0.232773	1.752962	6.922679	0.000000	4.229749	13255.000000
23925	87.002022	86.827851	0.174171	5.581303	7.354625	0.000000	1.726397	13271.000000
1416	87.129843	86.915991	0.213851	4.926494	4.833798	0.000000	7.493358	13495.000000
36418	87.718049	87.508411	0.209638	5.522247	1.115487	0.000000	3.689639	12803.000000
12273	87.046010	86.845565	0.200446	3.831448	6.116341	0.000000	3.314564	13183.000000
49263	86.786156	86.834216	-0.048059	10.456845	9.848211	0.000000	0.452627	13271.000000
9303	88.660900	88.629148	0.031752	0.730960	4.186810	0.000000	3.041401	12401.000000
10528	89.698088	89.861035	-0.162948	3.134735	5.803266	0.000000	1.619120	11308.000000
37234	86.367797	86.578365	-0.210568	4.103888	6.863324	0.000000	2.587529	13488.000000
1146	87.972593	87.848077	0.124516	1.804681	4.294614	0.000000	6.949826	13440.000000
45666	88.914021	88.967268	-0.053247	1.436501	3.943641	0.000000	1.630323	11797.000000
48684	88.220588	88.234107	-0.013519	0.000000	4.241017	0.000000	5.691470	13438.000000
19293	86.855888	86.850765	0.005123	2.298697	1.390046	0.000000	2.046333	13213.000000
37711	87.901979	87.845140	0.056839	0.441903	0.141826	0.000000	2.241159	13183.000000
43150	87.352837	87.058157	0.294680	7.685886	2.945984	0.000000	4.844644	13095.000000
28317	86.352116	86.321917	0.030199	6.656601	6.127203	0.000000	3.846364	13447.000000
28925	86.603809	86.719394	-0.115584	7.123914	8.176444	0.000000	2.709568	13255.000000
44198	86.801943	86.779783	0.022160	2.421536	3.639328	0.000000	1.320387	13286.000000
26343	87.632957	86.363564	1.269393	13.790412	7.196044	0.000000	2.099833	13311.000000
43172	87.681048	87.179510	0.501538	2.480352	2.482044	0.000000	3.126646	13095.000000
46593	88.243507	88.410667	-0.167160	0.859050	4.256801	0.000000	7.188249	13310.000000
16107	87.605543	87.174042	0.431501	4.786745	4.977327	0.000000	7.102769	13285.000000
36417	87.953743	87.462475	0.491268	3.606740	0.922915	0.000000	3.595685	12803.000000
37511	86.546408	86.535155	0.011254	2.835471	5.210198	0.000000	2.470922	13407.000000
17970	89.385627	88.470076	0.915551	0.000000	2.334064	0.000000	3.852730	13095.000000
29676	86.241525	86.277874	-0.036349	9.171073	7.807831	0.000000	3.155320	13490.000000
6658	88.033583	88.017123	0.016459	2.879394	0.614453	0.000000	4.847355	12749.000000
3261	86.510456	86.709569	-0.199113	3.424862	1.974961	0.000000	3.191735	13255.000000
16213	88.061769	88.116342	-0.054573	0.212522	5.406250	0.000000	4.687654	13285.000000
25565	86.280022	86.383030	-0.103008	3.938753	5.057021	0.000000	2.753985	13495.000000
22759	88.563730	88.560496	0.003235	1.209789	4.093787	0.000000	4.936381	12772.000000
30864	86.910287	86.565182	0.345106	2.580919	4.438269	0.000000	3.420722	13329.000000
2333	86.465113	86.348424	0.116689	5.206435	6.267612	0.000000	2.573759	13485.000000
26515	86.643034	86.841135	-0.198102	2.076633	0.936837	0.000000	0.925162	13311.000000
18890	86.711542	86.926597	-0.215055	1.325856	0.455197	0.000000	0.894646	13286.000000
8066	87.878881	87.611889	0.266993	2.911220	6.796243	0.000000	2.421154	12846.000000
33213	87.659506	87.547321	0.112185	1.500299	0.000000	0.000000	3.622892	13230.000000
27481	87.427861	87.428945	-0.001084	0.948195	0.609448	0.000000	3.035838	13491.000000
6507	87.344806	87.538397	-0.193591	4.216733	2.890795	0.000000	1.968333	12628.000000
46146	87.731349	87.458255	0.273094	2.343933	3.428227	0.000000	6.261404	13439.000000
10983	88.041912	87.472512	0.569400	1.988127	1.135084	0.000000	2.123696	12803.000000
40746	86.225397	86.393129	-0.167732	4.757759	5.082610	0.000000	3.613546	13405.000000
45383	90.924421	90.681300	0.243121	0.020829	5.282341	0.000000	8.164742	11797.000000
8330	86.543542	86.862967	-0.319425	5.169143	6.476318	0.000000	0.845031	13320.000000
27671	86.231008	86.344660	-0.113652	8.742066	3.886642	0.000000	3.464695	13485.000000
30054	86.400010	86.416780	-0.016770	7.688739	6.671567	0.000000	1.367063	13490.000000
34993	88.501288	88.083563	0.417725	2.168723	2.076591	0.000000	2.191623	12401.000000
14632	86.432001	86.329355	0.102646	3.807632	2.342110	0.000000	3.385892	13497.000000
24051	87.693525	87.985184	-0.291659	1.050047	2.529862	0.000000	5.787980	13484.000000
43060	89.009307	88.847024	0.162284	1.223246	2.424323	0.000000	8.543592	13095.000000
38704	87.276688	86.838342	0.438346	4.111979	4.649961	0.000000	4.709507	13230.000000
5026	87.362573	86.959980	0.402593	4.871599	2.679933	0.000000	6.625467	13421.000000
31097	86.539978	86.473998	0.065980	5.181512	5.018536	0.000000	4.302038	13329.000000
18206	87.797055	87.817835	-0.020780	2.490835	4.308354	0.000000	6.364592	13171.000000
11383	86.381084	86.470400	-0.089315	8.080978	5.531837	0.000000	0.720234	13379.000000
44378	88.483689	88.538775	-0.055086	1.282368	4.076805	0.000000	8.358850	13213.000000
22423	89.386024	88.974143	0.411881	2.199726	2.665987	0.000000	6.787570	12366.000000
49291	88.086146	87.870044	0.216102	1.654950	1.913154	0.000000	5.668962	13271.000000
26903	86.289143	86.296089	-0.006946	6.365186	6.504737	0.000000	4.102858	13440.000000
46356	89.817520	88.707025	1.110495	0.320185	3.767646	0.000000	7.500073	13310.000000
49413	87.354797	86.902162	0.452636	1.306143	1.741157	0.000000	2.217207	13484.000000
11966	86.357219	86.199009	0.158211	14.473180	5.614223	0.000000	1.269943	13407.000000
415	88.530378	87.884684	0.645694	0.000000	5.420232	0.000000	4.702471	13491.000000
12809	88.008941	87.975388	0.033553	2.615386	2.474196	0.000000	6.839717	13113.000000
5040	86.954138	86.134103	0.820035	5.830858	5.549751	0.000000	3.616255	13421.000000
16832	88.259036	87.791276	0.467759	2.814006	2.443722	0.000000	3.268898	12651.000000
43032	88.799907	88.788423	0.011484	0.505458	1.299199	0.000000	6.290176	13095.000000
30934	87.244466	86.917829	0.326637	0.799381	3.578405	0.000000	1.129802	13329.000000
50490	86.667456	86.139055	0.528401	6.145710	5.288122	0.000000	3.598484	13463.000000
9750	88.358032	88.295030	0.063002	1.833055	2.360315	0.000000	2.037894	12248.000000
36357	88.063938	88.034591	0.029348	2.232750	1.754280	0.000000	4.338441	12803.000000
351	87.436979	86.982804	0.454174	1.421211	1.577098	0.000000	2.871287	13491.000000
49541	86.265511	86.267701	-0.002190	6.820107	4.896693	0.000000	4.557991	13484.000000
11271	87.449628	86.927559	0.522069	3.434572	3.271197	0.000000	5.571253	13379.000000
15863	86.935773	86.886548	0.049225	2.457685	3.105691	0.000000	2.236476	13141.000000
24292	86.537606	86.473082	0.064524	4.493506	5.241338	0.000000	4.466887	13322.000000
28797	87.981127	87.356955	0.624173	2.778595	1.179501	0.000000	4.813849	13255.000000
44396	87.035880	87.136165	-0.100285	0.673187	0.268705	0.000000	0.655033	13213.000000
46024	91.108591	89.739450	1.369141	0.000000	3.448405	0.000000	7.984060	12626.000000
18255	88.319568	88.400468	-0.080901	1.171633	3.002395	0.000000	6.422993	13171.000000
1759	86.506994	86.524402	-0.017408	3.585594	1.905872	0.000000	4.101152	13491.000000
18140	87.449675	87.290525	0.159150	2.723140	3.762074	0.000000	4.569796	13171.000000
26488	87.877487	87.671186	0.206301	1.568397	1.881542	0.000000	4.645342	13311.000000
21688	87.587607	87.527047	0.060560	2.238996	2.424968	0.000000	3.803462	12994.000000
35015	88.902099	88.790328	0.111771	1.570392	0.286806	0.000000	3.363577	12401.000000
43528	87.561879	87.361857	0.200022	3.267363	3.294719	0.000000	5.620056	13171.000000
23733	88.472110	88.696880	-0.224770	0.264224	2.930344	0.000000	6.637779	13271.000000
21408	86.852740	86.745653	0.107086	3.164576	4.429935	0.000000	3.170090	13143.000000
16501	87.555017	86.841384	0.713634	2.955847	4.148654	0.000000	4.164830	13150.000000
5054	87.214882	86.748898	0.465985	5.444166	4.262383	0.000000	5.866130	13421.000000
24068	87.433136	87.137585	0.295551	2.213313	1.935348	0.000000	4.848829	13484.000000
17490	89.087575	89.149325	-0.061750	3.313122	2.061100	0.000000	4.883707	11892.000000
22798	88.817922	88.762230	0.055692	0.875617	3.001851	0.000000	5.580302	12772.000000
5406	86.963266	86.983643	-0.020378	4.651929	2.668015	0.000000	5.975015	13329.000000
45374	90.085245	89.608109	0.477136	1.115222	0.000000	0.000000	3.299346	11797.000000
33863	86.839204	86.641524	0.197680	5.025400	2.081072	0.000000	1.024112	13320.000000
38779	88.444402	88.294451	0.149951	2.468448	3.569811	0.000000	9.840662	13230.000000
17405	89.212350	89.261421	-0.049071	1.541970	0.280193	0.000000	2.832868	11892.000000
40778	87.405729	86.818851	0.586878	4.390768	4.573191	0.000000	3.289572	13141.000000
44544	86.642026	86.832032	-0.190006	2.657801	4.170540	0.000000	2.445504	13213.000000
43630	87.730155	87.844820	-0.114665	0.361048	4.960705	0.000000	3.044320	13054.000000
47578	87.844745	88.024531	-0.179786	1.166749	1.763123	0.000000	2.658732	12800.000000
13825	90.343022	89.643245	0.699778	0.955566	1.776157	0.000000	3.938095	11875.000000
37667	87.716995	87.613900	0.103095	0.726794	6.740672	0.000000	3.587912	13183.000000
23558	87.558593	87.070118	0.488475	3.068311	4.743931	0.000000	5.677160	13375.000000
43338	88.298615	87.584489	0.714126	0.000000	0.943408	0.000000	1.118088	13171.000000
25841	86.445028	86.381033	0.063995	8.569869	3.741601	0.000000	0.848229	13495.000000
30845	86.735812	86.590248	0.145565	6.378041	8.684943	0.000000	0.777951	13329.000000
33219	87.833523	87.522045	0.311477	0.758480	0.355707	0.000000	1.696825	13230.000000
13116	88.363903	87.695042	0.668862	1.632909	0.000000	0.000000	1.378798	12710.000000
38003	87.080781	86.985725	0.095056	12.967524	6.739255	0.000000	1.869819	13113.000000
48786	86.556835	86.769612	-0.212777	1.874247	4.454816	0.000000	1.341550	13375.000000
48778	86.510142	86.570305	-0.060163	1.630147	2.301069	0.000000	1.148925	13375.000000
41638	88.323355	87.695698	0.627657	0.509618	1.740528	0.000000	2.396978	13150.000000
2223	86.852090	86.446216	0.405874	4.524840	3.206184	0.000000	4.876849	13485.000000
20691	88.260941	87.582116	0.678825	3.460787	2.352457	0.000000	3.325952	12626.000000
14399	88.713829	88.811892	-0.098063	2.344311	4.435933	0.000000	3.677593	11984.000000
6042	86.990729	86.865113	0.125616	3.659556	2.078839	0.000000	3.665825	13187.000000
15007	86.303430	86.360546	-0.057116	6.036915	2.261248	0.000000	0.579454	13480.000000
684	87.490415	87.414302	0.076114	2.318095	3.884870	0.000000	6.519352	13491.000000
13250	87.158756	86.740718	0.418038	2.562802	2.750097	0.000000	2.718682	13230.000000
24838	86.618470	86.769341	-0.150872	9.955366	7.570877	0.000000	1.675659	13183.000000
43650	89.192849	88.916833	0.276016	0.256098	4.552850	0.000000	7.533748	13054.000000
39631	89.090068	89.027881	0.062187	3.410929	1.351866	0.000000	5.546247	12025.000000
6116	87.078445	87.065690	0.012756	5.190823	5.087226	0.000000	5.520741	13187.000000
28964	86.876751	86.743495	0.133256	4.296865	6.917421	0.000000	2.874148	13255.000000
31053	87.059927	86.657936	0.401992	4.381347	4.086675	0.000000	4.574140	13329.000000
29375	86.636075	86.342413	0.293663	5.273578	7.237474	0.000000	3.350474	13490.000000
44288	86.496321	86.851391	-0.355070	2.277680	1.625285	0.000000	1.764889	13286.000000
779	87.108717	86.850206	0.258512	0.552846	4.616237	0.000000	0.724051	13311.000000
34566	88.213583	88.077862	0.135721	2.695652	2.834795	0.000000	8.516354	13155.000000
44808	88.975196	88.554244	0.420952	0.356327	0.972054	0.000000	4.886002	13104.000000
12328	87.201609	86.933112	0.268497	4.264446	3.559492	0.000000	5.277218	13183.000000
41831	88.308776	88.196060	0.112716	2.761634	2.538817	0.000000	5.068799	12651.000000
41867	88.708485	88.375084	0.333401	2.013996	0.371578	0.000000	4.427756	12651.000000
17756	87.397977	87.394158	0.003818	2.668309	0.757129	0.000000	4.126111	13095.000000
17404	89.192592	89.126763	0.065829	1.692244	1.785074	0.000000	2.983536	11892.000000
15517	86.468603	86.364306	0.104297	4.135803	3.187237	0.000000	3.550559	13405.000000
8794	87.140189	86.428872	0.711317	3.822681	3.007375	0.000000	2.886270	13327.000000
7341	87.491385	87.309153	0.182232	1.961521	2.149545	0.000000	4.893734	13489.000000
45304	88.340701	88.366644	-0.025943	1.697566	2.931533	0.000000	3.419023	12471.000000
30049	86.280054	86.262686	0.017368	12.018204	8.828236	0.000000	2.692839	13490.000000
46794	87.343520	87.017828	0.325693	1.967068	2.891827	0.000000	1.968601	13143.000000
45857	88.263104	88.295085	-0.031981	1.232656	0.121925	0.000000	2.907761	12626.000000
16178	86.892848	86.823421	0.069428	2.153529	6.216328	0.000000	3.386251	13285.000000
48884	86.476610	86.283873	0.192737	5.046623	5.261896	0.000000	3.646803	13375.000000
31492	87.375500	87.345060	0.030440	1.292810	0.117025	0.000000	2.088347	13187.000000
3915	86.917072	86.486420	0.430652	3.597170	4.068081	0.000000	5.030362	13490.000000
7540	86.295157	86.147813	0.147344	3.635880	3.727175	0.000000	3.128914	13489.000000
9615	89.192571	89.221824	-0.029253	0.785346	5.380808	0.000000	5.570580	12401.000000
24036	86.708617	86.542130	0.166487	2.278524	5.672234	0.000000	1.562949	13484.000000
5147	86.829367	86.638983	0.190384	4.661654	3.389189	0.000000	5.602079	13421.000000
37912	86.653226	86.830416	-0.177190	5.926504	4.000605	0.000000	4.179941	13183.000000
5768	86.755671	86.247102	0.508569	5.875611	3.682634	0.000000	3.580932	13487.000000
49943	87.059325	87.052957	0.006368	4.614595	3.953910	0.000000	6.336526	13322.000000
27999	86.172418	86.469405	-0.296986	8.614163	6.530448	0.000000	3.246358	13487.000000
27006	86.621047	86.505511	0.115536	5.367709	3.772265	0.000000	5.843210	13495.000000
6294	88.399556	88.318151	0.081405	3.197878	1.081558	0.000000	5.921261	12628.000000
41046	87.240269	86.995594	0.244675	3.602723	5.630763	0.000000	1.284790	13141.000000
33876	87.141006	87.034336	0.106670	0.956525	5.001798	0.000000	2.394447	13320.000000
2784	87.081926	86.613927	0.467999	3.914383	2.683851	0.000000	4.548228	13487.000000
41202	87.784025	87.076304	0.707722	0.228148	3.372227	0.000000	0.552637	13285.000000
24243	86.968244	86.942969	0.025275	3.488815	1.897297	0.000000	6.114039	13484.000000
32192	87.301290	87.448341	-0.147050	2.771997	2.140916	0.000000	1.340359	12749.000000
29209	87.125103	86.625385	0.499718	2.596503	1.932925	0.000000	1.711850	13322.000000
11490	87.358588	87.282961	0.075627	1.532049	6.854375	0.000000	5.402803	13488.000000
18118	87.048255	87.039409	0.008846	1.823268	4.516172	0.000000	2.685239	13171.000000
7903	87.582551	87.413765	0.168786	7.816269	4.920740	0.000000	0.389779	12846.000000
27976	86.311783	86.394308	-0.082525	9.305023	7.888215	0.000000	1.634411	13487.000000
44125	88.656687	88.400200	0.256486	1.304315	1.819726	0.000000	7.364832	13286.000000
497	86.660938	86.627423	0.033516	0.944010	4.583946	0.000000	1.342322	13491.000000
8901	87.175071	86.592145	0.582925	3.756737	1.426765	0.000000	2.930636	13327.000000
15702	88.182747	88.160779	0.021969	1.482211	1.200935	0.000000	5.519573	13141.000000
31170	86.444051	86.327178	0.116873	3.089458	4.034687	0.000000	3.259518	13487.000000
30388	86.330856	86.240358	0.090498	4.706766	6.449921	0.000000	3.386348	13490.000000
29279	86.337508	86.618682	-0.281175	5.563315	4.978478	0.000000	5.502640	13322.000000
43922	87.565479	87.595159	-0.029680	5.402342	3.633151	0.000000	6.987187	13054.000000
11972	87.132156	86.958130	0.174026	4.203611	5.512855	0.000000	6.476203	13407.000000
20778	88.231805	88.511053	-0.279248	0.690855	4.563145	0.000000	3.393572	12626.000000
46940	87.642292	87.630469	0.011823	2.507298	2.373922	0.000000	4.947454	13143.000000
35300	89.500815	89.021244	0.479571	1.095893	1.266310	0.000000	3.294456	12248.000000
25297	87.047586	86.535891	0.511695	5.105016	3.831378	0.000000	5.035551	13493.000000
33460	87.568128	87.436992	0.131136	2.806536	6.823314	0.000000	0.257911	12846.000000
28016	86.298328	86.221409	0.076918	5.418192	5.533641	0.000000	5.117188	13487.000000
35575	89.982876	89.888140	0.094737	1.515112	2.659435	0.000000	6.435969	11881.000000
26942	86.335343	86.182344	0.152999	4.659906	5.040009	0.000000	4.193070	13495.000000
49760	87.323971	87.010169	0.313802	1.988838	4.956206	0.000000	3.838431	13322.000000
2511	87.192962	86.864872	0.328091	4.005312	2.410077	0.000000	5.476988	13487.000000
38371	87.926540	87.834702	0.091838	1.557199	6.295871	0.000000	1.517280	12710.000000
28635	86.477435	86.581892	-0.104457	12.710331	10.907096	0.000000	0.590232	13447.000000
21544	87.334529	86.913768	0.420761	1.882394	1.664512	0.000000	1.332469	13143.000000
6751	87.355214	87.632612	-0.277398	9.410348	7.856611	0.000000	1.778816	12749.000000
46558	87.044165	86.865765	0.178400	2.577226	3.550736	0.000000	3.973321	13310.000000
19854	88.626145	88.674381	-0.048236	0.049332	3.890019	0.000000	2.544445	12471.000000
46701	87.967556	87.640686	0.326871	0.514226	2.914423	0.000000	2.374249	13143.000000
35339	89.811799	89.106947	0.704852	2.084708	0.785120	0.000000	5.735461	12248.000000
24902	87.103383	86.823865	0.279518	6.574179	4.565372	0.000000	4.925960	13183.000000
11421	86.412313	86.371557	0.040756	4.258053	1.127905	0.000000	1.395548	13488.000000
46848	86.870867	86.833750	0.037117	3.036295	2.555565	0.000000	3.180163	13143.000000
2554	87.013794	86.285173	0.728622	4.776847	2.117008	0.000000	3.243325	13487.000000
4910	86.389839	86.154999	0.234840	4.251182	2.703310	0.000000	2.291931	13490.000000
42285	89.283039	89.033111	0.249927	0.000000	2.526222	0.000000	1.954809	12211.000000
3459	86.904804	87.054024	-0.149220	5.175144	6.438578	0.000000	0.659168	13255.000000
14674	86.814371	86.446730	0.367641	3.633216	1.104306	0.000000	2.499678	13497.000000
38306	87.421247	87.445740	-0.024493	2.671669	3.469014	0.000000	2.923907	12710.000000
34765	87.051411	86.740807	0.310604	4.765794	4.943532	0.000000	3.965289	13155.000000
44582	87.258731	86.864361	0.394370	3.843010	3.397517	0.000000	4.242675	13213.000000
22714	89.127211	88.988493	0.138718	0.393630	6.811903	0.000000	6.358438	12772.000000
47602	88.076921	88.010712	0.066209	0.705495	0.000000	0.000000	1.753756	12800.000000
28214	86.426731	86.562033	-0.135303	4.209358	4.117232	0.000000	5.120197	13487.000000
31200	86.623483	86.624006	-0.000522	14.783016	11.270188	0.000000	0.334489	13487.000000
26625	87.601707	87.508684	0.093023	2.447656	3.093991	0.000000	6.366073	13440.000000
8517	87.204170	87.092558	0.111613	1.780263	0.743961	0.000000	2.567967	13320.000000
9263	87.063602	87.053413	0.010188	2.028482	0.000000	0.000000	1.009210	13155.000000
50556	86.177829	86.367760	-0.189931	8.293528	6.432275	0.000000	2.931244	13463.000000
10874	87.719515	87.732045	-0.012529	4.762542	4.409077	0.000000	6.312817	12803.000000
34823	88.377000	87.987346	0.389653	3.818885	4.143420	0.000000	4.490426	12401.000000
15137	86.566609	86.168536	0.398073	4.099630	4.506207	0.000000	3.365909	13480.000000
16359	87.555398	87.766996	-0.211598	0.194682	0.715840	0.000000	2.045252	13150.000000
22966	87.716177	87.539314	0.176863	2.830794	5.631081	0.000000	7.446810	13438.000000
4626	86.634268	86.786587	-0.152319	3.165346	3.671083	0.000000	4.856778	13490.000000
9178	87.376187	86.786508	0.589679	5.091048	4.897095	0.000000	4.319530	13155.000000
9013	87.067772	87.057060	0.010712	2.138468	1.785106	0.000000	2.517221	13155.000000
10778	87.477724	87.743926	-0.266202	3.522208	1.200995	0.000000	4.781868	12803.000000
38408	88.535835	88.341558	0.194277	0.801788	4.166643	0.000000	3.776471	12710.000000
7793	87.561097	86.999352	0.561744	5.191853	6.333410	0.000000	6.686584	13230.000000
8974	87.348232	86.825214	0.523018	2.559711	3.446449	0.000000	1.783224	13155.000000
14555	88.920723	88.708123	0.212600	1.102717	5.623922	0.000000	1.132933	11984.000000
30907	87.748945	87.828211	-0.079266	2.814523	3.491179	0.000000	8.089627	13329.000000
32087	87.660483	87.459616	0.200867	5.121753	5.027762	0.000000	4.658635	12749.000000
7606	87.072123	86.575878	0.496245	5.054275	2.500679	0.000000	4.141875	13489.000000
9116	86.639966	86.807789	-0.167823	3.793851	5.283710	0.000000	4.334989	13155.000000
15579	87.637629	87.349721	0.287908	0.832129	0.588952	0.000000	2.605862	13405.000000
28231	86.174168	86.553975	-0.379806	11.880399	9.594478	0.000000	1.749220	13487.000000
28608	86.231962	86.475151	-0.243190	5.710114	6.660563	0.000000	3.140127	13447.000000
36222	87.288483	87.618293	-0.329810	3.088835	4.156528	0.000000	4.475991	12803.000000
41629	88.045768	87.787938	0.257830	0.878955	0.569369	0.000000	2.872213	13150.000000
12766	88.038633	87.809852	0.228781	1.901187	2.945950	0.000000	5.396542	13113.000000
42934	88.167108	88.096546	0.070562	0.888725	5.062014	0.000000	4.887637	13095.000000
50537	86.517585	86.476727	0.040858	14.699450	8.394131	0.000000	1.287490	13463.000000
23063	88.374263	87.539132	0.835131	0.000000	1.188531	0.000000	2.277004	13438.000000
18610	87.116526	87.065212	0.051314	1.688734	1.603806	0.000000	1.201790	13054.000000
39382	89.269509	89.070825	0.198683	2.999587	1.960077	0.000000	4.979952	12025.000000
29338	86.472813	86.484310	-0.011497	7.165631	9.481485	0.000000	2.131893	13490.000000
50082	87.000312	86.831887	0.168424	3.638849	1.182491	0.000000	3.126369	13322.000000
1574	86.132912	86.076762	0.056149	6.419981	5.670564	0.000000	4.035132	13495.000000
29761	86.327486	86.508960	-0.181474	4.181310	5.780272	0.000000	3.466772	13409.000000
15248	87.870384	87.862499	0.007885	0.778330	4.575561	0.000000	5.250448	13480.000000
23985	86.500775	86.239115	0.261660	9.628275	4.011399	0.000000	4.036216	13484.000000
