11278	86.946511	86.875236	0.071275	0.951497	2.398790	2.798607	4.174947	13379.000000
47459	88.323432	88.266068	0.057364	1.442413	1.346992	1.701073	4.978745	12800.000000
43708	88.618224	87.924237	0.693988	4.030294	0.000000	0.000000	1.780312	13054.000000
43941	87.265495	87.177225	0.088270	1.332718	1.487073	1.980105	2.000112	13054.000000
43031	88.875232	89.007687	-0.132455	3.094134	0.883901	0.892555	8.939369	13095.000000
12728	87.610312	87.340980	0.269332	2.853772	0.768115	2.168809	3.635009	13113.000000
42676	90.199247	90.535433	-0.336186	1.830629	0.850994	0.150488	7.383204	11892.000000
40376	86.774287	86.599838	0.174449	4.987950	0.762706	3.516089	0.897736	13497.000000
48618	89.707421	88.930399	0.777022	2.631163	1.048123	0.268115	10.633459	13438.000000
8586	87.940365	87.972288	-0.031923	1.309102	2.103258	1.986235	7.763030	13327.000000
4298	86.344100	86.246057	0.098043	2.763782	1.515216	4.794447	2.258104	13409.000000
12939	87.647607	87.695523	-0.047916	0.480320	1.609920	1.009729	1.623111	12710.000000
45564	89.330463	89.754913	-0.424451	3.900430	0.592071	1.929727	4.991438	11797.000000
726	87.823820	88.147337	-0.323517	2.776339	0.729951	1.094334	5.629507	13311.000000
22297	88.329448	88.504059	-0.174610	4.717777	0.248664	1.420863	4.906727	12800.000000
47896	88.500480	88.613538	-0.113058	0.221554	1.905539	1.404896	3.856586	12366.000000
7450	86.359304	86.111477	0.247827	4.083935	2.657673	10.582831	2.403347	13489.000000
35703	90.097792	89.966105	0.131687	1.332410	0.544390	0.000000	4.189203	11881.000000
25619	86.504727	86.533436	-0.028709	0.005240	2.528944	3.707690	0.496398	13495.000000
24687	86.523625	86.598481	-0.074856	3.328646	1.251349	4.270240	3.251235	13183.000000
17631	88.842040	88.873455	-0.031415	0.000000	2.253019	1.133349	1.490876	11892.000000
49502	86.325887	86.334128	-0.008241	2.808367	1.455133	3.084077	0.939342	13484.000000
35156	87.910683	88.048337	-0.137655	2.783372	1.910370	6.797661	2.182209	12248.000000
21880	88.690530	88.257397	0.433133	1.684306	0.499611	0.000000	2.690301	12994.000000
26665	86.468330	86.383666	0.084664	3.354367	2.945045	13.444212	0.000000	13440.000000
6303	88.415261	88.085375	0.329886	0.000000	2.303396	1.631931	3.842109	12628.000000
41001	86.949296	86.861873	0.087423	1.052382	1.864929	3.149293	2.539295	13141.000000
26007	86.553445	86.437895	0.115549	0.000000	2.114455	3.239632	0.573321	13491.000000
3571	87.313144	87.146855	0.166288	0.700130	2.534383	2.706800	4.834860	13322.000000
50295	86.572228	86.680525	-0.108298	3.317636	2.207828	6.744719	3.723615	13183.000000
25484	87.265738	86.924759	0.340979	3.221824	0.693615	1.477474	2.818457	13493.000000
30946	87.075865	86.836516	0.239349	0.000000	2.603411	2.741444	3.068430	13329.000000
12713	86.759054	86.886852	-0.127798	1.795725	1.726335	3.242328	2.761908	13113.000000
45914	87.836518	88.086782	-0.250264	2.581015	1.468362	3.114033	4.952835	12626.000000
1217	86.925715	87.020893	-0.095178	5.285384	0.373601	2.199616	3.655639	13440.000000
9224	86.814526	87.003072	-0.188547	0.186666	1.966687	2.126829	0.858139	13155.000000
619	87.603178	87.588395	0.014784	3.956475	0.619049	2.188439	6.192920	13491.000000
32150	87.566193	87.679018	-0.112825	0.129050	1.883698	1.432581	2.074241	12749.000000
25940	86.213088	86.467515	-0.254427	1.111163	2.312787	4.004619	3.222001	13491.000000
8957	87.816505	87.626676	0.189829	0.482544	2.123469	1.898367	4.879062	13155.000000
36828	87.156309	86.597178	0.559131	2.961890	2.710406	7.582237	4.818282	13379.000000
35795	89.571637	89.073789	0.497848	0.347950	1.968282	1.843591	3.677193	11881.000000
7848	87.027954	87.006521	0.021433	1.391178	0.891961	0.483959	0.443146	13230.000000
31628	86.682979	87.027827	-0.344848	1.350392	1.730393	2.351183	3.261672	13187.000000
26966	86.566507	86.162407	0.404100	4.068604	1.162938	4.340863	2.749290	13495.000000
4528	87.176160	86.478074	0.698086	0.211640	2.793473	4.589577	3.293900	13409.000000
24293	86.488153	86.983339	-0.495186	2.527036	2.198730	3.882607	5.737185	13322.000000
23206	86.433642	86.389312	0.044330	1.845788	1.710392	2.536420	1.257341	13438.000000
41887	88.575251	88.603643	-0.028392	2.040628	0.496690	0.011858	2.068348	12651.000000
10798	88.106385	88.062209	0.044176	1.177069	1.985180	2.368195	5.255568	12803.000000
48554	86.787207	86.559681	0.227525	0.828574	2.853981	3.450347	3.641800	13438.000000
25995	87.756838	87.572148	0.184690	1.276923	0.837201	0.247622	3.289947	13491.000000
34559	87.497986	86.952654	0.545331	4.806379	0.205757	3.322212	0.391112	13155.000000
39520	90.238620	90.281605	-0.042985	3.545308	0.751217	1.130615	8.754820	12025.000000
13854	89.751795	89.672041	0.079754	4.910853	0.000000	0.427546	3.220936	11875.000000
43449	87.362508	87.602185	-0.239678	1.260389	1.410966	1.782310	4.006913	13171.000000
20357	90.012025	89.445531	0.566495	1.147217	0.598690	0.000000	1.575087	11797.000000
18383	88.870701	88.595317	0.275384	1.729932	1.692229	1.338289	8.818255	13171.000000
6056	86.749570	86.915984	-0.166413	1.094593	1.422239	1.454845	2.005392	13187.000000
1761	86.572929	86.716779	-0.143850	0.584184	1.582016	1.032972	1.700323	13491.000000
26642	86.846897	87.394336	-0.547439	1.163884	1.335210	1.034646	3.741315	13440.000000
42319	89.387135	89.504816	-0.117681	2.326910	0.249003	0.000000	3.733535	12211.000000
36656	86.802178	86.864532	-0.062354	1.123688	1.323396	1.560406	2.385350	13379.000000
47140	87.717176	87.640179	0.076997	0.898039	1.837262	1.824735	3.480253	12994.000000
19346	89.040266	88.672385	0.367881	5.320138	0.000000	1.003694	8.269771	13213.000000
32893	87.540196	87.271267	0.268930	4.275509	1.033781	3.091283	6.626881	13489.000000
35856	90.050123	89.658157	0.391966	1.025045	1.479040	2.673361	1.869521	11308.000000
16370	87.742960	87.934223	-0.191262	2.498255	0.643311	1.022098	3.478570	13150.000000
19417	87.524678	87.722083	-0.197405	1.945053	0.726773	0.788380	3.112397	13213.000000
45881	87.692548	87.677121	0.015428	2.262941	1.129546	1.969801	1.740744	12626.000000
29074	86.598794	86.687115	-0.088322	2.034846	1.579005	3.748266	3.267545	13322.000000
18426	87.334294	87.504819	-0.170526	0.000000	1.666644	0.434463	1.836662	13054.000000
35817	88.885734	88.911938	-0.026204	3.201627	0.687841	2.017897	2.233321	11881.000000
10173	89.130246	89.141765	-0.011519	2.381869	1.075529	2.519449	3.818042	11881.000000
49341	86.731867	86.525806	0.206061	1.178279	2.433599	7.189033	0.000000	13271.000000
49537	86.547010	86.337286	0.209724	3.266262	2.628318	9.708459	0.854168	13484.000000
28392	86.591787	86.374299	0.217489	5.365668	1.724763	10.119921	0.225170	13447.000000
13399	87.129427	86.989661	0.139767	1.390158	2.585114	3.781746	4.254424	13230.000000
6411	87.896766	87.627536	0.269230	4.364090	1.134814	4.654112	1.765865	12628.000000
37296	86.959834	86.909795	0.050039	1.299485	2.042246	2.702628	4.188189	13407.000000
35507	88.705909	88.840971	-0.135062	2.368045	1.363547	4.214739	0.834732	11881.000000
38110	88.483557	87.879690	0.603867	0.125145	1.722359	0.942124	4.327856	13113.000000
6038	87.482761	87.244726	0.238035	1.034430	2.544617	3.076806	5.376106	13187.000000
41390	86.621356	86.624048	-0.002692	2.857205	1.460392	3.778173	3.086376	13285.000000
23616	87.157146	87.030324	0.126822	2.365458	1.654282	3.299426	4.597941	13271.000000
10810	87.573976	87.715983	-0.142007	0.428566	2.933669	3.204461	4.735291	12803.000000
30706	86.236119	86.767674	-0.531555	2.616874	2.101348	4.176430	5.345073	13421.000000
41748	87.235675	87.092973	0.142701	0.985840	2.150137	2.637602	3.245401	13150.000000
47342	89.131996	89.113207	0.018789	4.264975	0.086429	0.253218	7.682133	12994.000000
22319	87.720640	87.826253	-0.105614	1.419137	1.769789	2.537427	4.213633	12800.000000
3741	86.568510	86.665565	-0.097055	4.371506	1.007905	4.242917	3.813516	13322.000000
21783	88.702770	88.444132	0.258638	1.065658	0.833991	0.000000	3.822824	12994.000000
39895	89.092531	88.765249	0.327282	0.120776	2.305252	1.945054	3.088665	11984.000000
37272	86.415330	87.074965	-0.659635	3.186317	2.092764	4.755227	6.202313	13407.000000
19229	87.434625	87.445271	-0.010646	2.238123	1.706380	2.750894	5.488941	13213.000000
6199	87.328894	86.917607	0.411288	1.034944	1.453761	1.696012	1.883845	13187.000000
15757	86.446957	86.706097	-0.259140	1.474160	1.511890	3.100909	1.659922	13141.000000
48118	87.729521	88.218997	-0.489476	2.634061	1.431728	2.649948	5.821506	12772.000000
6635	87.763229	88.082469	-0.319240	1.210394	1.237621	1.254184	3.338211	12749.000000
44883	87.740671	87.482248	0.258422	1.733243	1.272526	1.700385	3.353581	13104.000000
6642	88.056191	88.078924	-0.022732	0.004617	2.371501	1.724265	4.364430	12749.000000
29863	86.714793	86.579609	0.135184	0.000000	2.443617	1.757492	2.145666	13409.000000
26925	86.282031	86.193293	0.088738	2.719850	1.411718	3.622856	2.522764	13495.000000
12374	87.156621	87.222337	-0.065716	1.719250	1.211787	1.429005	2.135272	13183.000000
26769	87.027398	86.862029	0.165369	2.597214	2.355306	4.120247	6.792092	13440.000000
34874	88.760542	88.707741	0.052802	2.631455	0.611320	0.963495	2.770051	12401.000000
36087	90.354920	90.269462	0.085458	1.670634	1.965893	2.700613	6.036291	11308.000000
49240	87.047182	86.608041	0.439141	2.098587	3.062108	8.763058	3.421988	13271.000000
3876	86.589474	86.616488	-0.027014	2.278351	1.929121	3.657919	4.474147	13490.000000
2654	86.508648	86.327266	0.181382	3.812900	1.686849	6.451354	0.914676	13487.000000
39261	89.346879	89.363799	-0.016921	1.387877	1.118103	1.301815	3.852626	11889.000000
12228	87.222159	87.269581	-0.047421	2.034957	1.000758	1.574540	2.825508	13183.000000
25665	86.528626	86.596841	-0.068215	2.529513	0.987873	1.199778	0.000000	13495.000000
38785	89.519677	87.990418	1.529259	2.712096	0.963260	1.654603	6.377831	13230.000000
7365	86.525098	86.549651	-0.024553	1.497334	1.242016	1.872000	2.065959	13489.000000
2448	87.183168	86.885387	0.297782	2.046505	2.052336	3.470842	5.242002	13485.000000
34175	87.144580	86.698409	0.446171	2.231965	0.973398	1.758262	1.772061	13327.000000
49815	86.841562	86.966242	-0.124680	2.805206	0.659115	1.632083	2.146743	13322.000000
39687	88.834729	88.903468	-0.068739	1.579388	2.008714	3.135696	5.027377	12025.000000
24510	86.799262	87.051127	-0.251865	0.000000	2.101792	1.368166	3.328753	13322.000000
50196	86.958361	86.905423	0.052938	5.444287	1.132374	6.951902	0.216145	13183.000000
6065	86.992738	87.120793	-0.128055	0.577990	2.612695	3.604989	4.161253	13187.000000
39307	88.505264	88.828010	-0.322746	1.120452	1.373285	1.583413	1.300628	11889.000000
26716	87.815927	87.952681	-0.136754	4.070586	0.115286	0.581176	4.606266	13440.000000
30904	86.868129	87.129876	-0.261747	2.620812	0.594094	1.577096	2.877492	13329.000000
37014	86.514374	86.623888	-0.109514	4.579264	0.671843	3.907432	0.000000	13488.000000
32385	87.337225	87.250842	0.086383	3.295881	2.228610	7.589645	3.297219	12749.000000
4274	87.076927	86.986223	0.090704	2.884621	1.415459	3.154367	5.003314	13409.000000
34930	87.895580	88.258995	-0.363414	0.000000	1.670212	0.654179	1.006821	12401.000000
34164	86.790656	86.704411	0.086245	4.819249	0.757781	5.100568	0.024569	13327.000000
50423	87.072513	87.123875	-0.051362	1.078125	2.369521	2.879281	4.112676	13183.000000
12334	87.467842	86.993106	0.474736	1.576457	2.089489	3.079147	3.941258	13183.000000
44739	88.636160	88.590253	0.045907	1.057229	0.830013	0.000000	5.338043	13104.000000
12907	88.691571	88.866401	-0.174830	5.348339	0.081115	1.436222	5.991537	12710.000000
20749	88.982802	89.045116	-0.062314	1.484453	0.545987	0.000000	4.120898	12626.000000
42958	88.445460	88.456426	-0.010966	5.448497	0.000000	0.544178	5.003596	13095.000000
46393	88.744989	88.507090	0.237899	1.367696	1.027891	0.260084	6.679564	13310.000000
25971	86.658883	86.393600	0.265283	3.103900	2.165938	9.977792	0.000000	13491.000000
42523	89.482571	89.615353	-0.132782	2.133529	0.418374	0.340084	3.015114	11892.000000
18788	86.777045	86.862071	-0.085026	2.904786	0.806206	1.694456	1.247445	13286.000000
43380	88.416440	87.916889	0.499551	3.108624	0.379282	0.504241	3.376999	13171.000000
26965	86.066397	86.276116	-0.209719	2.199589	2.288372	4.917499	3.333859	13495.000000
45033	89.325171	89.403859	-0.078688	3.812150	0.503326	1.101496	6.944738	12471.000000
44787	89.125968	88.484920	0.641047	3.543491	0.048524	0.173868	4.748132	13104.000000
24573	86.965076	86.635426	0.329650	1.282490	2.244780	3.099852	2.625520	13322.000000
27564	86.522710	86.103206	0.419504	3.906842	1.871825	6.738297	3.819724	13491.000000
39523	89.784012	89.534160	0.249852	0.031178	1.315892	0.445632	4.048863	12025.000000
32903	86.519102	86.453885	0.065217	4.828040	0.742177	2.978694	0.602341	13489.000000
35549	89.355095	89.244222	0.110874	2.574901	1.380939	2.967552	4.947646	11881.000000
30855	86.652036	86.745721	-0.093685	0.755895	2.806326	3.950749	3.882462	13329.000000
13142	88.971141	88.384768	0.586373	1.252331	0.905148	0.000000	2.151091	12710.000000
25009	86.556393	86.642661	-0.086269	0.488773	2.924314	3.841970	4.191131	13463.000000
47083	88.968932	89.221567	-0.252635	3.134753	0.689797	0.550091	8.661520	12994.000000
45618	89.119554	89.328296	-0.208743	1.338687	1.825828	2.457305	4.215606	11797.000000
10913	87.244466	87.652266	-0.407800	0.849662	2.544487	3.105741	4.856734	12803.000000
8379	86.563813	86.342477	0.221336	4.184443	1.321050	4.255260	2.528795	13320.000000
33683	87.702145	87.456999	0.245146	1.225928	2.895363	4.460559	3.976912	12846.000000
29604	86.690303	86.538506	0.151798	3.494090	1.161565	3.582449	4.282753	13490.000000
1782	86.494906	86.520401	-0.025495	0.000000	2.175827	1.261658	1.525169	13491.000000
1537	86.206473	86.136201	0.070272	1.770974	2.569290	5.825246	1.867965	13495.000000
19523	87.405909	87.444501	-0.038592	0.665328	2.308536	2.330600	4.210450	13104.000000
12883	88.271190	88.050566	0.220624	0.377383	1.711554	1.609130	3.214898	12710.000000
42427	89.308767	89.170052	0.138715	1.967390	1.211600	1.865279	5.228466	12211.000000
29910	86.732985	87.135012	-0.402027	0.699545	1.722291	1.604803	3.847164	13409.000000
47377	88.701574	88.721947	-0.020373	4.343033	0.000000	0.000000	3.813754	12800.000000
32279	87.754578	87.629442	0.125136	0.103400	4.343406	9.057612	3.782461	12749.000000
47071	88.224802	88.161935	0.062867	2.150943	0.711069	0.342688	3.018854	12994.000000
17548	89.590936	89.184126	0.406810	0.000000	1.286604	0.291279	1.556871	11892.000000
2176	86.953183	86.646469	0.306713	0.861949	2.024230	1.937068	2.691215	13485.000000
32485	86.527366	86.933193	-0.405827	0.762086	2.444104	2.669695	3.838311	13363.000000
12173	87.092485	87.090856	0.001629	0.692102	1.078660	0.357356	0.264834	13183.000000
11659	86.858559	86.477558	0.381001	2.117737	1.446063	2.637977	3.230020	13488.000000
22830	87.419061	87.459589	-0.040528	0.466933	2.013062	2.532249	2.515977	12772.000000
3887	86.542057	86.921669	-0.379612	3.110494	1.642216	3.680212	5.788736	13490.000000
36058	90.063398	89.849775	0.213623	1.184586	0.846745	0.573423	0.652284	11308.000000
101	87.446505	86.949378	0.497126	0.797552	1.386137	1.196703	3.114195	13495.000000
9269	87.843756	87.830762	0.012994	4.332028	0.223280	0.823542	3.259126	13155.000000
30278	86.362961	86.443376	-0.080415	0.837872	1.716950	1.826398	0.688697	13490.000000
28748	87.061036	87.591927	-0.530891	0.671996	1.641599	1.314015	4.492394	13255.000000
27412	87.533619	87.233699	0.299920	0.000000	1.371549	0.021956	2.235301	13491.000000
27694	86.610190	86.135264	0.474926	3.788919	1.475749	5.019675	1.996023	13485.000000
3556	87.649469	87.055888	0.593581	2.517187	1.012880	2.390725	3.987646	13322.000000
23449	87.625553	87.420274	0.205280	1.804017	1.316525	2.051667	5.350110	13375.000000
11690	87.080504	86.552840	0.527664	0.082320	1.884032	1.022396	1.658587	13488.000000
25800	87.150543	86.531471	0.619072	0.201689	2.684431	3.463990	3.855737	13495.000000
10728	87.960090	87.941279	0.018810	0.164239	2.771007	2.552675	5.379301	12803.000000
49918	86.541942	86.614893	-0.072951	1.672188	1.663145	2.394376	1.841843	13322.000000
50632	86.434243	86.200062	0.234181	3.626776	1.934249	6.432908	3.634034	13463.000000
36671	87.793024	87.306062	0.486962	0.454422	0.857656	0.000000	1.604144	13379.000000
24907	86.683347	86.630220	0.053127	3.329152	2.337735	7.471266	3.770907	13183.000000
34357	87.082687	86.924680	0.158008	1.606644	2.274712	3.866450	4.638434	13327.000000
6636	88.848408	88.684133	0.164275	2.889964	1.778583	2.848022	8.876498	12749.000000
40038	88.684375	88.696292	-0.011918	1.554574	2.880394	4.379320	5.701554	11984.000000
43816	87.035935	87.095544	-0.059609	0.705326	2.295927	2.855542	2.671598	13054.000000
16993	89.113145	88.991272	0.121873	2.898428	0.381754	0.784314	3.165963	12211.000000
45518	89.254170	89.144808	0.109362	0.000000	1.635921	0.554150	1.754983	11797.000000
27444	86.386058	86.646729	-0.260670	0.759383	1.214736	0.785382	0.386324	13491.000000
50618	86.321562	86.358198	-0.036636	3.665384	3.625404	15.225858	0.106324	13463.000000
41582	88.973852	88.243144	0.730707	2.047714	0.496145	0.162369	3.408494	13150.000000
13517	88.398680	88.015371	0.383309	2.165414	0.315761	0.000000	3.166455	13230.000000
42563	90.132945	89.337001	0.795945	0.000000	1.093651	0.000000	1.606398	11892.000000
9043	87.017203	87.233515	-0.216312	0.850115	1.840312	1.957372	3.219035	13155.000000
3676	86.599415	86.543176	0.056239	5.197002	1.132109	5.021842	4.892233	13322.000000
27132	86.477617	86.457122	0.020495	3.534789	0.751565	1.684875	0.684288	13495.000000
8686	86.505145	86.631518	-0.126373	1.927438	1.575006	3.701799	2.354110	13327.000000
5310	86.872818	87.153347	-0.280529	1.235318	2.201383	2.730767	5.131305	13329.000000
24507	87.500631	87.275939	0.224691	1.581290	1.485363	1.946899	4.296446	13322.000000
50205	86.955327	86.643061	0.312266	2.663192	2.750958	8.553458	3.290127	13183.000000
37719	87.233763	87.259816	-0.026054	0.165111	1.355708	0.388512	1.213740	13183.000000
11159	86.988885	86.781996	0.206889	0.370858	2.303138	2.079018	2.759557	13379.000000
32054	87.345064	87.416369	-0.071305	2.781558	1.473173	3.997143	3.238068	12749.000000
4629	87.118073	87.007724	0.110349	2.844718	2.044468	3.826119	6.864222	13490.000000
43188	87.249876	87.100579	0.149297	1.391414	2.331030	3.397850	4.153496	13095.000000
10875	87.978141	87.880019	0.098122	2.036165	2.859245	4.357881	7.259569	12803.000000
3478	87.193361	86.844068	0.349293	1.253820	1.515330	3.362162	0.000000	13255.000000
47051	88.359649	87.701124	0.658525	0.728727	0.875897	0.382542	1.304868	12994.000000
42454	88.359535	88.541786	-0.182251	1.063248	1.180903	1.193341	2.198575	12211.000000
81	87.611019	87.505408	0.105611	1.951919	1.523886	1.809671	5.908257	13495.000000
25826	86.800190	86.534628	0.265562	0.335809	3.781317	7.352526	3.898115	13495.000000
7442	86.391841	85.983892	0.407949	3.993670	1.556606	6.001945	3.014842	13489.000000
40848	87.688816	87.537970	0.150846	3.837205	0.674602	2.358733	4.254371	13141.000000
12531	87.150376	87.071451	0.078925	0.000000	2.230488	1.728129	1.473393	13113.000000
17940	87.810129	87.287138	0.522991	0.000000	2.391314	1.515182	2.878131	13095.000000
37183	86.433868	86.232581	0.201287	4.158685	1.489540	5.556808	3.054986	13488.000000
1542	86.365200	86.270894	0.094305	3.513350	2.967675	12.296518	0.333705	13495.000000
39619	89.258171	89.014628	0.243542	0.094639	2.007698	1.645993	3.785107	12025.000000
20856	88.178075	88.012829	0.165246	1.132940	2.181070	2.989214	4.447956	12626.000000
23155	87.643923	87.007785	0.636138	3.439077	0.706084	1.489341	2.428729	13438.000000
31096	86.972952	86.839628	0.133324	2.396519	2.867737	6.142645	5.425991	13329.000000
43106	87.438785	87.047982	0.390803	0.317211	2.318844	2.567410	3.148124	13095.000000
46030	89.721502	88.784132	0.937370	2.697538	0.000000	0.000000	2.653789	12626.000000
34213	87.056953	87.343161	-0.286207	0.028859	1.573623	0.732484	2.546869	13327.000000
35037	88.283637	88.420386	-0.136748	0.604334	1.244817	1.005361	2.072569	12401.000000
27215	86.326460	86.182021	0.144439	0.803054	3.473501	8.602246	0.791304	13495.000000
47334	87.570372	87.413294	0.157078	1.268108	0.880893	0.546527	0.895493	12994.000000
17071	88.466409	88.768727	-0.302318	1.655466	1.077145	1.514178	2.906523	12211.000000
42982	88.288645	88.007764	0.280880	1.777702	0.370072	0.000000	2.248528	13095.000000
25339	87.126656	86.425550	0.701106	0.611850	1.534631	1.527331	0.823895	13493.000000
49717	86.814244	86.633124	0.181120	0.810187	1.194733	0.434611	0.387593	13484.000000
47744	88.943454	88.936088	0.007366	0.952867	0.776426	0.000000	2.585878	12366.000000
23551	86.629501	86.955427	-0.325926	1.498242	2.738626	4.078194	5.299432	13375.000000
28404	86.624866	86.732857	-0.107992	2.013774	0.894100	0.899787	0.477540	13447.000000
45794	88.923053	88.845400	0.077653	4.654992	0.000000	0.000000	3.596286	12626.000000
38059	87.832787	87.709469	0.123319	1.624671	1.021280	1.543255	3.536486	13113.000000
17377	89.037977	89.341626	-0.303649	1.401156	0.814838	0.468391	2.063593	11892.000000
49574	86.796578	86.788330	0.008248	2.354510	2.458298	4.301447	6.042324	13484.000000
41999	88.250199	87.640133	0.610066	0.897370	1.065395	1.567762	0.507186	12651.000000
46892	87.262959	87.327377	-0.064418	2.097203	0.863774	1.265069	2.376058	13143.000000
18033	88.499472	88.428624	0.070847	1.180498	1.350728	0.775045	6.445298	13171.000000
38460	88.846941	88.903263	-0.056322	2.082719	0.673368	0.828030	5.627083	12710.000000
47159	87.454929	87.848735	-0.393807	2.521110	0.693477	0.590718	1.861497	12994.000000
4307	86.851483	86.471716	0.379766	2.278100	1.676495	3.873036	3.538613	13409.000000
11656	86.965798	86.691650	0.274149	0.702900	1.655970	1.365361	2.225231	13488.000000
47146	87.831556	87.998737	-0.167181	2.097618	1.376956	1.997370	4.987350	12994.000000
33671	87.367558	87.284295	0.083263	3.246482	1.364219	4.208284	3.221274	12846.000000
34677	87.678723	87.339119	0.339605	0.141760	2.380003	2.212483	4.275447	13155.000000
37288	86.515577	86.348316	0.167261	3.706239	1.764548	6.108134	1.786462	13407.000000
16272	88.011518	88.196959	-0.185441	2.253992	1.000701	1.080668	6.341124	13285.000000
19785	88.462364	88.250903	0.211461	2.331459	0.439901	0.359646	3.834857	13104.000000
23079	88.537875	88.510586	0.027289	5.006814	0.000000	0.191970	7.011841	13438.000000
19043	88.487897	88.501930	-0.014033	4.161823	0.000000	0.000000	5.810418	13286.000000
5643	87.037611	86.573400	0.464211	0.031158	2.328582	1.688219	2.251758	13487.000000
14084	89.053760	88.996330	0.057429	1.817425	1.422565	2.394811	4.375379	12025.000000
25300	86.240840	86.024445	0.216395	1.411431	3.550635	9.431665	1.793260	13493.000000
43909	86.905958	87.226131	-0.320173	2.583963	1.244944	2.709816	3.409207	13054.000000
18763	87.317538	87.363536	-0.045997	3.429168	0.433064	0.580971	1.994153	13286.000000
41	87.032740	87.023152	0.009588	1.323760	0.752615	0.000000	0.602874	13495.000000
520	86.514342	86.128283	0.386059	4.615202	1.132862	4.992902	3.303963	13491.000000
7207	86.679223	86.709747	-0.030525	0.480420	1.914990	1.471011	1.533691	13363.000000
21274	88.758825	88.658974	0.099852	4.921093	0.000000	0.293011	8.003259	13310.000000
7615	86.616315	86.487213	0.129102	3.977581	0.481112	1.582330	0.338463	13489.000000
14881	87.292078	86.868205	0.423873	0.402868	2.668731	2.598279	5.491493	13497.000000
11949	87.216520	86.783687	0.432833	1.997357	1.960852	3.558082	4.162013	13407.000000
36337	87.408511	87.350541	0.057970	0.968992	3.204588	9.482802	0.457635	12803.000000
26118	87.423346	86.632984	0.790362	2.336609	0.630098	1.302180	0.000000	13491.000000
48473	87.114713	86.487004	0.627708	0.000000	3.426062	4.432413	2.863790	13438.000000
16366	87.896552	87.982655	-0.086103	2.355090	0.988915	1.017338	4.498869	13150.000000
42638	89.002305	88.945469	0.056836	2.667316	0.659821	0.976744	1.093972	11892.000000
30980	86.558218	86.756247	-0.198029	1.881070	1.466248	2.550205	2.596897	13329.000000
23132	87.990981	88.005774	-0.014794	3.581892	1.197814	2.230070	8.477911	13438.000000
40664	87.689460	87.451383	0.238077	3.687379	0.928818	2.652504	5.989566	13405.000000
7858	87.329670	86.895496	0.434174	0.923585	1.007855	0.357870	0.028739	13230.000000
23832	86.730424	86.823293	-0.092869	0.118911	2.198415	2.852960	1.631538	13271.000000
574	86.403751	86.513574	-0.109823	0.674970	2.575094	2.993080	4.065062	13491.000000
46551	86.780831	86.770036	0.010794	1.631214	1.380755	2.387041	2.467161	13310.000000
28959	86.753487	86.613224	0.140263	4.462278	2.421850	11.063622	0.658420	13255.000000
22885	86.909612	87.381645	-0.472033	2.097101	1.065457	1.220261	3.638702	13438.000000
48931	86.990769	86.937674	0.053095	5.492644	0.162594	1.667731	2.434417	13375.000000
27222	86.621833	86.427462	0.194371	4.484118	2.490659	11.735771	0.045890	13495.000000
32112	87.858371	88.019395	-0.161024	4.140928	0.941325	3.249390	4.628445	12749.000000
7147	87.196050	86.916984	0.279066	1.968681	3.010889	4.743547	7.120379	13363.000000
17269	90.945164	89.997282	0.947882	1.076244	1.650958	0.721103	8.234845	12211.000000
14155	88.609470	88.841732	-0.232262	0.382729	1.007091	0.349357	0.492116	12025.000000
46284	88.226075	88.245515	-0.019441	3.419675	0.368765	0.449260	6.297045	13439.000000
17697	87.939512	87.852244	0.087269	3.226449	0.546568	1.150512	3.521450	13095.000000
47934	89.365564	89.337209	0.028355	0.000000	1.425457	0.000000	4.573771	12366.000000
44632	87.211997	87.218368	-0.006372	2.880422	1.131835	2.954477	4.472569	13213.000000
8778	87.173642	86.375756	0.797886	5.067214	2.001323	8.925090	3.623031	13327.000000
12469	88.273681	88.128417	0.145264	1.421970	1.465499	1.474430	5.952690	13113.000000
10129	89.467790	89.065841	0.401949	1.186227	2.581441	3.383514	6.012046	11881.000000
47992	88.612795	88.380849	0.231946	0.000000	1.934994	0.795549	1.986300	12366.000000
23373	87.334729	87.073820	0.260909	0.000000	1.134875	0.000000	0.712456	13375.000000
5186	86.958802	86.744314	0.214488	0.000000	3.372972	3.346506	3.266416	13421.000000
1957	86.337992	86.218348	0.119644	5.131320	1.876437	9.522380	2.562863	13491.000000
25350	86.885986	86.834886	0.051100	1.213086	0.834834	0.000000	0.449398	13493.000000
24161	86.840104	86.524736	0.315368	3.294201	0.253169	0.874876	0.288552	13484.000000
33069	86.161877	86.169230	-0.007353	2.959223	1.955924	5.925281	3.494607	13489.000000
16515	87.456296	86.828371	0.627925	3.743427	1.274500	4.042316	3.915467	13150.000000
23892	87.274928	86.678982	0.595946	2.268935	1.537752	3.644704	3.157722	13271.000000
31563	87.850654	87.754592	0.096062	0.837276	2.267896	2.196718	6.261603	13187.000000
19968	88.047233	88.097554	-0.050321	1.529092	0.983677	1.413034	1.927988	12471.000000
8539	88.179871	88.354557	-0.174686	1.815347	1.804328	1.662180	8.437849	13320.000000
41122	86.793705	86.514746	0.278959	2.903281	1.210128	3.075921	2.407975	13285.000000
49782	87.379870	87.602920	-0.223049	3.886404	0.564804	1.958155	4.469840	13322.000000
35497	89.292411	89.163954	0.128457	2.324814	1.272478	2.613703	4.379158	11881.000000
24879	86.627951	86.577501	0.050450	3.218722	2.998160	11.321730	1.526534	13183.000000
3504	87.856744	87.858316	-0.001571	4.218083	1.749310	3.845535	9.855288	13255.000000
23971	86.554587	86.324810	0.229778	3.327147	1.256005	4.250023	0.000000	13484.000000
14249	90.257609	89.918172	0.339438	0.600612	1.649515	0.818202	6.227325	11984.000000
4858	86.602263	86.526581	0.075682	1.721308	2.043846	3.261772	3.126901	13490.000000
6320	88.206601	88.444713	-0.238112	4.486398	0.154699	1.128642	3.574489	12628.000000
14064	89.134540	89.005487	0.129053	0.906735	2.592928	2.940494	5.944654	12025.000000
25804	87.066049	86.207327	0.858722	0.000000	2.984173	5.551541	1.398178	13495.000000
22400	89.115749	89.064564	0.051184	2.116655	1.223701	1.603412	6.049269	12366.000000
2463	87.050790	86.721411	0.329379	1.158286	2.825143	3.514484	5.400171	13487.000000
43521	87.824873	87.834112	-0.009238	3.842466	1.013508	2.639508	6.374313	13171.000000
871	87.008819	86.883393	0.125426	4.546942	0.525251	1.422481	0.706621	13311.000000
20975	90.680811	89.002547	1.678264	3.036593	1.223752	0.429053	11.724324	13439.000000
12910	88.550424	88.864478	-0.314054	4.699053	0.050855	1.252311	5.294525	12710.000000
33945	86.740875	86.635708	0.105167	1.731665	1.211891	1.940201	0.411695	13320.000000
1844	86.814117	86.399069	0.415048	2.156308	1.608407	2.800992	3.211370	13491.000000
15163	86.573321	86.747310	-0.173988	5.253938	0.755920	3.871600	4.930738	13480.000000
40050	88.947239	88.829961	0.117278	1.246107	3.590420	5.459128	6.248244	11984.000000
25688	86.967950	86.544088	0.423862	0.000000	2.145885	1.168732	0.905172	13495.000000
506	87.025989	87.324546	-0.298557	5.771772	0.167739	1.479361	3.465883	13491.000000
13281	87.497845	87.468559	0.029285	1.673338	1.415778	2.120622	4.468871	13230.000000
43838	87.043051	86.825896	0.217155	4.979470	1.009374	4.981677	3.698779	13054.000000
27158	86.690226	86.415753	0.274473	1.268339	1.906933	2.567132	2.556272	13495.000000
7275	87.413917	87.213316	0.200601	1.055444	2.608542	3.044241	6.218801	13363.000000
21198	86.790564	86.599182	0.191382	2.703612	1.709769	5.499763	0.630811	13310.000000
7653	87.548132	87.629802	-0.081669	1.564451	2.096852	2.220810	7.970015	13489.000000
37610	87.104393	87.046452	0.057941	2.667083	2.423785	5.472647	5.179886	13183.000000
19230	87.375654	86.757044	0.618610	0.357989	2.280814	2.663841	2.404968	13213.000000
16974	89.763147	89.672174	0.090972	0.915739	0.935588	0.072332	4.830739	12211.000000
43833	86.972277	87.350954	-0.378677	0.604121	1.958812	1.766016	3.124459	13054.000000
33189	87.946818	87.277963	0.668855	2.649033	0.219488	0.067922	0.734663	13230.000000
42398	88.737616	88.964011	-0.226394	2.789527	0.432784	0.265218	2.167122	12211.000000
14286	90.100446	90.000819	0.099627	1.749067	1.249108	1.145199	7.011106	11984.000000
35766	90.088493	89.567745	0.520748	0.000000	1.409504	0.153210	3.000911	11881.000000
3210	87.289282	87.435903	-0.146621	2.040276	1.831863	2.850201	5.507207	13255.000000
37615	86.727195	86.669788	0.057407	3.775900	1.105936	4.007801	3.666989	13183.000000
15185	86.560390	86.255259	0.305132	1.611731	3.335945	10.137117	1.554296	13480.000000
34684	87.554574	87.584293	-0.029718	0.186726	1.262502	0.175569	1.937762	13155.000000
24107	87.674775	87.630964	0.043812	2.303989	0.762208	0.781947	4.067872	13484.000000
46615	89.418442	88.970372	0.448070	2.557986	0.871784	0.154658	9.563542	13310.000000
10557	90.134088	89.807313	0.326775	2.921996	0.722987	1.563339	2.277836	11308.000000
20550	87.875217	88.208300	-0.333083	0.213751	1.752118	1.231947	3.572192	12626.000000
39377	88.782229	88.873896	-0.091666	2.170766	1.361245	2.735318	4.276505	12025.000000
36737	88.057335	88.218281	-0.160946	3.236799	0.810758	1.461176	7.309399	13379.000000
37978	87.238002	86.892440	0.345563	5.223081	2.436245	12.735284	0.234874	13113.000000
42206	89.317700	88.979015	0.338686	3.437230	0.494128	1.854705	4.114822	12211.000000
32077	87.975780	87.849146	0.126634	3.958130	1.085831	3.965107	4.961773	12749.000000
8831	86.606735	86.562645	0.044090	2.797486	1.328219	3.386047	2.826326	13327.000000
4185	86.324040	86.245508	0.078532	0.049304	3.196849	5.705383	0.556446	13490.000000
8348	86.600421	86.676251	-0.075831	0.449765	1.627886	1.430890	1.176297	13320.000000
47463	87.864366	88.256077	-0.391710	2.682217	0.529955	0.869562	2.976847	12800.000000
45750	89.010367	89.013467	-0.003100	3.112001	0.052661	0.000000	4.289081	12626.000000
8823	86.571276	86.495060	0.076216	3.717624	1.202811	3.613075	2.361300	13327.000000
50292	86.916689	86.677972	0.238717	3.797544	2.612077	10.868212	1.497295	13183.000000
5636	86.598206	86.864885	-0.266679	1.783138	2.690375	4.075085	6.484890	13487.000000
49979	87.147053	86.940496	0.206556	1.329855	2.305427	3.951872	4.220797	13322.000000
36148	89.535800	89.726385	-0.190585	0.479841	3.188294	3.659180	5.294049	11308.000000
45759	87.945462	87.888538	0.056924	1.102465	1.164593	0.872860	1.670650	12626.000000
30055	86.328871	86.226741	0.102129	4.257975	1.448503	5.720594	2.249122	13490.000000
45110	89.399163	88.925564	0.473600	0.902368	0.720377	0.000000	2.400266	12471.000000
14524	89.783060	89.311577	0.471483	0.000000	2.031575	1.181376	4.383054	11984.000000
48368	87.593044	87.889491	-0.296448	5.968745	0.000000	0.694934	4.497515	13438.000000
49317	87.376378	87.440917	-0.064539	3.209898	0.266821	0.196273	1.515988	13271.000000
5735	86.798002	86.743343	0.054659	1.152817	2.699528	3.679695	5.482929	13487.000000
26540	87.789615	87.623932	0.165683	5.541456	0.461035	2.886443	6.067803	13311.000000
39305	88.527202	88.962773	-0.435571	0.774254	1.778291	1.942643	2.911136	11889.000000
8917	88.000527	87.286971	0.713556	1.860515	0.785049	1.197189	2.791399	13327.000000
9457	88.015371	88.311878	-0.296508	3.870346	1.111689	3.525440	4.373027	12401.000000
20727	88.931093	88.781717	0.149376	1.310792	0.572212	0.000000	3.159069	12626.000000
14364	89.153427	89.128541	0.024886	1.526024	1.940698	2.746788	5.510952	11984.000000
28789	86.621465	86.833902	-0.212436	1.977517	2.059472	4.507812	3.300984	13255.000000
14553	88.688469	88.699636	-0.011167	4.023878	0.548601	3.095729	0.000000	11984.000000
39130	89.013018	88.832654	0.180363	1.672270	0.699224	0.719731	0.000000	11889.000000
29794	86.726726	86.944714	-0.217988	1.318139	1.461996	1.079977	2.058365	13409.000000
16692	88.679842	88.676543	0.003300	2.927947	0.897102	1.798841	5.604915	12651.000000
25798	86.553327	86.333164	0.220163	3.286765	3.274672	14.408128	0.000000	13495.000000
16742	87.999501	88.471343	-0.471842	2.125726	1.403688	2.005979	5.138740	12651.000000
41907	88.613774	88.577175	0.036598	1.922837	0.466763	0.422335	2.799068	12651.000000
46664	87.980301	87.809372	0.170929	3.810583	0.032067	0.000000	2.568369	13310.000000
46165	87.877391	87.757193	0.120198	5.270179	0.469334	2.440051	7.389619	13439.000000
19400	89.450184	88.837242	0.612942	1.435972	1.626509	0.775545	9.110221	13213.000000
35765	89.975673	89.717192	0.258481	1.344930	0.967245	0.707762	4.081485	11881.000000
37723	87.885973	88.119362	-0.233389	0.991628	0.750183	0.000000	3.141027	13183.000000
30560	88.191655	87.603272	0.588383	3.933575	0.447356	2.008615	5.201425	13421.000000
43066	87.285229	87.186533	0.098696	3.379694	0.637011	1.213975	0.921594	13095.000000
29993	86.657317	86.464110	0.193206	2.512130	3.561524	12.808656	0.000000	13409.000000
13482	87.259515	87.186932	0.072583	0.460995	1.578171	0.988902	2.231548	13230.000000
42514	89.352691	89.101991	0.250700	0.000000	2.153858	1.686276	3.228057	11892.000000
49880	86.592908	86.651477	-0.058568	3.355276	1.185939	2.930140	1.704985	13322.000000
39396	89.462516	89.308496	0.154020	5.267492	0.000000	0.861324	2.984648	12025.000000
45802	88.232637	88.164327	0.068309	0.000000	2.109225	1.083588	2.663247	12626.000000
41746	86.796528	86.747572	0.048957	3.191332	1.307324	3.973419	2.523029	13150.000000
30709	86.167270	86.524896	-0.357626	1.424374	2.657746	4.512028	4.302328	13421.000000
44864	87.406417	87.484078	-0.077662	1.812379	0.799167	0.886383	1.840226	13104.000000
3599	86.696046	86.702542	-0.006496	5.071292	0.633119	3.743636	1.325000	13322.000000
14467	89.566749	89.052528	0.514221	0.000000	2.271926	1.771724	4.455119	11984.000000
43030	88.993073	89.071034	-0.077961	5.239965	0.000000	0.578301	8.741547	13095.000000
39421	90.182539	89.500024	0.682514	0.668811	0.750829	0.006575	3.204775	12025.000000
17190	89.123807	88.675118	0.448689	0.000000	2.148180	1.442836	2.858154	12211.000000
9404	88.415660	88.428085	-0.012426	2.616215	1.735499	3.607878	5.434137	12401.000000
29262	86.863405	86.762633	0.100772	3.054204	1.275929	3.248688	3.222768	13322.000000
7183	87.090503	87.143444	-0.052941	1.541240	2.546288	3.653922	6.016116	13363.000000
34153	86.968894	86.871935	0.096959	0.562992	2.574041	2.960442	3.664205	13327.000000
2374	86.860140	86.605999	0.254141	0.392154	3.440792	4.929284	3.522178	13485.000000
41940	88.363497	88.402350	-0.038852	0.130288	1.193443	0.000000	2.052758	12651.000000
2470	86.499130	86.638011	-0.138881	0.932678	2.023632	2.477253	3.537946	13487.000000
45326	88.137119	88.153057	-0.015938	0.000000	1.321625	0.303481	0.732904	12471.000000
25538	86.358248	86.149315	0.208933	1.194751	3.399350	9.680123	0.535550	13495.000000
20925	88.149905	88.045810	0.104095	1.413891	1.176826	0.610339	5.854882	13439.000000
47107	88.127566	87.983335	0.144231	0.035081	1.512197	0.706505	3.032133	12994.000000
35095	87.978733	88.127718	-0.148986	0.314561	2.867026	3.637806	4.393033	12401.000000
41960	89.319693	89.029551	0.290142	2.735262	0.158264	0.000000	4.312220	12651.000000
38802	88.886242	88.662981	0.223261	1.132946	1.196934	0.357923	6.724918	13230.000000
42519	89.113584	89.001688	0.111896	1.926832	0.712608	1.015236	1.613741	11892.000000
36600	86.751004	86.754983	-0.003979	0.356986	2.932666	4.171166	3.334865	13379.000000
50059	86.486954	86.623526	-0.136572	2.844586	1.823110	6.045694	0.600898	13322.000000
47106	88.027968	88.137501	-0.109533	1.763962	0.486979	0.000000	2.299969	12994.000000
46756	88.186951	87.697857	0.489094	0.000000	1.088108	0.000000	2.051175	13143.000000
5501	86.447649	86.724880	-0.277231	1.442058	2.554095	4.254029	4.630786	13329.000000
38056	88.150658	88.074287	0.076371	4.603964	0.433323	2.293438	5.769068	13113.000000
14700	86.702023	86.732816	-0.030792	0.370031	3.302602	4.460595	4.456716	13497.000000
1289	86.884624	86.976220	-0.091597	3.207911	1.102978	2.792133	4.466720	13440.000000
1457	86.722056	86.818990	-0.096934	2.692862	1.644382	3.484563	4.623303	13495.000000
48798	87.160257	86.851191	0.309066	3.052890	1.481423	3.167592	4.304755	13375.000000
19130	87.231929	86.942785	0.289144	0.098970	1.461712	0.679980	1.139697	13213.000000
547	86.696717	86.555772	0.140945	1.121903	1.733680	1.229404	1.419089	13491.000000
36547	86.476506	86.806422	-0.329916	0.691700	2.902329	3.377100	4.500057	13379.000000
15348	87.145668	87.352767	-0.207099	0.421694	1.455386	0.763677	2.811167	13405.000000
315	87.490173	87.728189	-0.238016	2.320223	1.118751	1.436288	5.644790	13495.000000
26481	86.958685	86.844960	0.113725	3.977232	0.465504	0.928482	0.643844	13311.000000
3849	87.039057	86.490342	0.548715	0.000000	4.764528	10.253654	2.415642	13322.000000
31331	86.403094	86.346731	0.056363	1.908112	1.292991	1.910153	2.033069	13487.000000
22208	89.555440	88.925127	0.630313	3.758449	0.000000	0.000000	4.584851	12800.000000
39095	90.504858	90.374669	0.130189	3.879522	0.000000	0.000000	5.559476	11875.000000
15642	87.130212	87.094716	0.035496	0.854270	0.981510	0.167736	0.976504	13405.000000
49436	86.841801	86.693956	0.147845	3.799519	0.201263	1.064784	1.263170	13484.000000
4115	86.498477	86.578622	-0.080145	3.163505	2.170900	5.591846	4.744879	13490.000000
30041	86.474988	86.333640	0.141348	2.062382	2.838100	7.394998	1.943552	13409.000000
25193	86.216231	86.122374	0.093857	1.643713	3.612638	9.648672	2.414893	13463.000000
50098	86.799366	86.470629	0.328737	2.298680	1.812711	4.339456	3.218766	13322.000000
3440	86.812377	87.118164	-0.305787	0.417690	1.863866	1.387236	2.551309	13255.000000
26258	86.836366	86.312574	0.523792	3.060139	3.314827	11.582832	2.751192	13311.000000
32897	86.431643	86.470453	-0.038810	4.555734	2.773744	14.105796	0.000000	13489.000000
10114	89.945319	89.377235	0.568084	0.989386	2.499288	2.952144	6.302770	11881.000000
29093	86.659286	86.804397	-0.145110	3.165918	1.069361	3.324966	0.238607	13322.000000
23152	87.398787	87.322379	0.076408	0.095788	1.559885	0.397460	2.946680	13438.000000
29221	86.779139	86.812951	-0.033812	2.313821	0.682953	1.367118	1.564051	13322.000000
4604	86.836863	86.178102	0.658762	0.000000	4.582785	10.255488	1.876860	13490.000000
19727	90.585014	88.578793	2.006220	4.118955	0.000000	0.000000	5.130972	13104.000000
50441	86.671800	87.032300	-0.360500	0.863520	2.420386	3.397071	3.734039	13183.000000
30441	86.603961	86.466573	0.137388	5.061838	0.906983	4.140782	2.057515	13421.000000
41342	87.385748	87.385019	0.000729	2.743604	2.078933	3.755213	6.840005	13285.000000
5322	86.515123	86.739186	-0.224063	0.142432	2.036254	1.713036	1.649148	13329.000000
17172	89.080407	89.088952	-0.008544	1.455254	1.255800	1.361340	4.828536	12211.000000
50091	86.712007	86.747338	-0.035331	1.396069	1.346754	1.753304	1.940069	13322.000000
6033	87.419573	87.346280	0.073293	2.187931	1.867582	3.263540	5.105364	13187.000000
22301	88.045779	88.345671	-0.299892	1.325419	1.201065	1.132076	4.045000	12800.000000
27926	86.395121	86.226380	0.168742	3.138502	1.874363	5.567130	1.967106	13485.000000
14321	89.608754	89.412040	0.196714	0.114276	1.976015	1.306649	4.663765	11984.000000
17761	88.077304	88.139638	-0.062334	4.419338	0.900080	2.679499	7.557549	13095.000000
1107	87.041477	86.690848	0.350629	1.932408	0.577655	0.586913	0.000000	13440.000000
6577	88.259698	88.482709	-0.223010	2.799013	1.101897	2.220287	5.793395	12628.000000
31937	88.448871	88.181420	0.267452	0.000000	1.982450	1.021027	3.052987	12628.000000
39256	89.877038	89.681705	0.195333	1.346078	1.334693	1.455296	5.278904	11889.000000
23395	89.412374	88.936862	0.475512	3.217155	0.975063	0.509550	10.602999	13375.000000
39155	89.716935	89.805884	-0.088949	0.778397	1.029976	0.124545	3.151611	11875.000000
2493	87.060290	86.915377	0.144912	2.977755	2.564217	4.917200	7.759418	13487.000000
43035	89.231903	89.218919	0.012984	5.634086	0.196969	1.110706	10.848329	13095.000000
10565	90.559750	90.221470	0.338280	0.728222	1.269903	1.185677	3.753753	11308.000000
47258	87.626625	87.758886	-0.132261	2.941412	0.450147	0.660423	1.614945	12994.000000
29554	86.674363	86.769492	-0.095129	3.849345	0.485183	1.515167	2.076026	13490.000000
24901	87.067454	86.657329	0.410125	3.945747	1.928168	6.244265	3.748052	13183.000000
18422	87.309779	87.006942	0.302837	3.290306	1.931115	8.598418	0.000000	13054.000000
27514	86.303976	86.318791	-0.014815	3.991611	1.071190	6.010362	0.287619	13491.000000
20241	89.040516	89.133217	-0.092701	2.653006	0.955595	2.390408	3.504891	11797.000000
16893	89.481648	89.436396	0.045252	3.293019	0.624343	0.701307	7.730300	12651.000000
40512	89.135814	88.673939	0.461875	3.781114	0.415672	0.620317	8.516232	13405.000000
32687	86.588600	86.459419	0.129182	4.457146	2.418534	11.977173	0.228246	13363.000000
8837	86.433831	86.398243	0.035588	2.077232	1.806785	3.713771	2.374720	13327.000000
17713	87.378012	87.578411	-0.200400	1.467379	0.894897	0.404134	1.629666	13095.000000
15132	86.514999	86.351046	0.163952	2.594735	2.042305	6.336394	0.000000	13480.000000
17937	87.600120	87.695229	-0.095109	0.000000	1.532339	0.276096	2.153704	13095.000000
33001	86.253072	86.619489	-0.366417	0.183052	2.527987	3.140115	2.619291	13489.000000
20832	87.781155	87.746206	0.034949	0.883578	2.280750	2.594376	3.501775	12626.000000
43676	89.199187	88.310905	0.888282	0.183178	1.169204	0.000000	4.065202	13054.000000
44477	88.774777	88.645700	0.129077	1.137101	0.939723	0.136372	6.233059	13213.000000
48039	89.127763	89.401117	-0.273354	1.961934	0.604675	0.497561	4.719681	12366.000000
47027	88.213183	87.851482	0.361701	0.278548	1.005079	0.000000	1.577491	12994.000000
20927	87.618943	87.043152	0.575792	2.177394	0.599716	0.000000	0.761859	13439.000000
26496	87.977455	88.338299	-0.360843	2.100720	0.349541	0.000000	4.673799	13311.000000
7640	86.996715	86.820768	0.175947	2.841355	0.919586	2.154151	3.548363	13489.000000
6819	87.870235	87.914917	-0.044682	2.171078	2.052727	3.607154	6.028942	12749.000000
5770	86.213023	86.481325	-0.268302	3.116152	1.289257	3.429514	3.588494	13487.000000
25808	86.191036	86.054263	0.136773	0.000000	4.597089	11.698610	0.666150	13495.000000
11787	87.562878	87.286878	0.276000	0.506229	1.518166	1.151527	3.694023	13407.000000
10429	91.196409	90.471936	0.724473	1.366602	1.295182	1.301942	5.313136	11308.000000
48800	87.119896	86.743834	0.376062	4.378328	1.215001	4.408243	4.918743	13375.000000
22924	86.606004	86.698685	-0.092681	1.288290	1.613633	1.820024	2.758339	13438.000000
45645	89.552088	89.173453	0.378635	0.497667	2.238674	1.992733	4.236360	11797.000000
22847	87.416829	87.486314	-0.069486	1.387794	1.297738	1.351687	1.163618	12772.000000
11439	87.952812	87.519756	0.433056	0.452671	1.190014	0.483576	3.526900	13488.000000
19575	87.281081	87.323304	-0.042222	3.054728	1.129409	2.917079	4.266993	13104.000000
5159	86.252219	86.371622	-0.119403	3.709714	1.543404	5.105137	4.272346	13421.000000
11319	86.910162	86.494255	0.415907	0.788677	1.926399	2.440808	1.504129	13379.000000
2417	86.983792	86.553005	0.430788	0.000000	2.432610	1.874835	2.676338	13485.000000
19416	87.424986	87.716675	-0.291689	1.241049	1.883057	1.995956	6.258910	13213.000000
32136	87.847855	87.851411	-0.003556	0.736942	2.009238	2.244864	3.499116	12749.000000
8133	87.507113	87.334864	0.172250	1.041510	1.661984	2.303497	2.867903	12846.000000
46510	87.074456	86.951230	0.123227	4.040964	0.616901	1.423999	1.713470	13310.000000
12543	87.577905	87.422220	0.155685	0.652728	1.937180	1.960519	3.681631	13113.000000
17191	88.670663	88.269166	0.401497	0.000000	2.664471	3.756033	1.152990	12211.000000
20683	89.029482	89.154623	-0.125140	3.695641	0.681472	1.553099	7.424437	12626.000000
2598	86.543826	86.353689	0.190137	4.977496	1.573474	8.462797	0.700539	13487.000000
45039	88.750125	88.538802	0.211323	1.119729	0.896988	0.000000	1.153680	12471.000000
44495	87.531036	87.535174	-0.004138	0.000000	1.556926	0.232507	1.937399	13213.000000
44446	88.393533	88.324972	0.068561	0.000000	1.493426	0.074363	5.282693	13213.000000
40604	88.291969	88.507156	-0.215188	3.842149	0.970783	1.650167	9.436788	13405.000000
47420	89.914164	89.631488	0.282676	4.756473	0.232050	0.575868	10.042530	12800.000000
48652	87.556093	86.766811	0.789282	1.112314	0.770242	0.134508	0.161002	13438.000000
107	86.129724	86.145313	-0.015589	1.433697	2.915320	9.126095	0.454444	13495.000000
11510	86.293975	86.380642	-0.086667	2.082832	1.867999	4.255004	3.343456	13488.000000
44907	87.512770	87.652582	-0.139812	2.885019	1.151690	2.578168	4.813514	13104.000000
31473	87.330231	86.783522	0.546709	0.902196	2.329337	3.169681	4.776877	13487.000000
34325	86.446623	86.918026	-0.471403	0.176967	1.829956	1.391400	1.974862	13327.000000
18058	87.113032	87.175170	-0.062138	2.170751	0.835913	0.495618	0.251475	13171.000000
469	87.587171	87.608924	-0.021753	4.339283	0.792657	2.594596	6.674588	13491.000000
44404	87.768781	87.170840	0.597941	0.000000	1.493922	0.747741	1.214819	13213.000000
36824	86.483897	86.395552	0.088345	3.140434	3.531821	13.417549	1.782694	13379.000000
11309	87.151265	87.170982	-0.019717	1.924836	2.330346	3.389830	6.597852	13379.000000
16752	87.490727	87.628776	-0.138048	1.927740	1.226094	1.990526	2.076803	12651.000000
17662	87.673716	87.711353	-0.037637	0.000000	1.539555	0.054304	2.003263	13095.000000
30923	86.427914	86.566735	-0.138821	0.769730	2.942553	6.430343	1.696452	13329.000000
26527	87.257572	87.699607	-0.442035	4.619717	0.112631	0.565461	2.821506	13311.000000
43746	88.605426	88.734658	-0.129232	0.682720	1.474787	0.427368	6.830688	13054.000000
30983	87.159013	86.735246	0.423768	0.729853	1.799964	2.258184	2.784636	13329.000000
15156	86.999234	86.910425	0.088809	2.972412	1.361081	3.260440	4.912264	13480.000000
30263	86.924989	87.042284	-0.117295	0.164887	1.321312	0.287058	1.822185	13490.000000
49309	87.929534	87.686382	0.243152	1.505415	2.137712	2.645061	7.021985	13271.000000
1259	86.801383	87.160827	-0.359444	0.871404	1.759422	1.507840	3.959176	13440.000000
15284	86.689658	87.089273	-0.399615	0.294270	1.528950	0.889075	2.690498	13480.000000
7068	86.557374	86.868113	-0.310739	2.038120	1.056413	2.074419	2.467959	13363.000000
1597	86.523179	86.449824	0.073355	3.743425	1.946839	5.913399	4.704203	13495.000000
38325	87.403461	87.548782	-0.145321	3.942131	0.866688	2.879729	1.685506	12710.000000
29624	86.509114	86.477380	0.031734	4.620316	0.898697	4.502970	1.120271	13490.000000
20719	87.794235	87.922235	-0.128000	2.503893	0.561807	0.876771	0.000000	12626.000000
47969	88.565599	88.421745	0.143854	1.755340	0.875737	0.532090	1.366752	12366.000000
31796	88.523152	88.338695	0.184457	0.103003	1.273297	0.371340	2.452636	12628.000000
50206	86.515231	86.575580	-0.060348	3.032696	2.543458	8.344567	3.351143	13183.000000
43182	87.280370	87.338643	-0.058273	3.205219	1.088047	2.901005	4.031757	13095.000000
10348	90.367309	90.202988	0.164321	0.797145	0.942789	0.000000	1.510722	11308.000000
22528	89.060790	89.264055	-0.203265	3.714624	0.131943	0.165753	3.505596	12366.000000
41622	88.262111	88.303962	-0.041851	2.181646	0.839167	0.735432	5.612663	13150.000000
32673	87.100417	86.725331	0.375086	0.260587	3.146259	4.655264	4.122916	13363.000000
4874	86.575781	86.439382	0.136400	2.417275	1.056259	1.623857	0.849428	13490.000000
22608	88.394352	88.244642	0.149710	0.253651	2.968057	3.456666	4.478354	12366.000000
18319	89.741315	88.887433	0.853882	4.934209	0.000000	0.145732	7.431727	13171.000000
6667	88.129616	87.792184	0.337432	0.018718	2.595225	2.305078	3.977463	12749.000000
16184	87.310075	87.026240	0.283835	1.251971	1.174267	1.407015	2.302844	13285.000000
14979	87.500116	86.945463	0.554653	0.000000	1.648573	0.256727	1.228938	13480.000000
77	87.170308	86.960873	0.209435	3.166663	0.230751	0.340622	0.747441	13495.000000
13780	89.504853	89.392219	0.112634	0.807245	0.935265	0.791236	2.598605	11875.000000
29693	87.150367	86.538649	0.611719	1.836136	2.226739	3.813044	3.650218	13409.000000
23183	86.460005	86.399227	0.060778	0.610715	2.154154	2.931647	1.981700	13438.000000
160	86.357641	86.155663	0.201978	3.892959	3.027687	13.114435	2.093041	13495.000000
21431	87.429111	87.165616	0.263495	2.562130	0.992794	1.301493	1.465914	13143.000000
34685	87.383696	87.550289	-0.166593	1.130987	1.080020	0.582317	2.176723	13155.000000
32900	87.011732	87.092077	-0.080344	0.000000	2.354790	1.760594	3.984402	13489.000000
43715	89.009415	87.048782	1.960632	0.000000	2.479115	4.404519	0.820203	13054.000000
3435	86.862486	86.705168	0.157318	2.493083	1.103178	1.701523	1.454878	13255.000000
46768	87.984754	87.649285	0.335469	0.000000	1.981526	0.583495	2.641475	13143.000000
28314	86.327576	86.473883	-0.146306	2.150033	1.476491	2.666590	2.684805	13447.000000
41843	88.040923	87.831956	0.208967	1.112696	1.014195	1.271716	1.601940	12651.000000
5667	86.983126	86.928958	0.054167	2.078612	2.948105	4.763046	7.441454	13487.000000
45223	88.231409	88.512164	-0.280755	2.456119	1.028476	2.196932	4.144588	12471.000000
5714	86.498362	86.287470	0.210892	1.895414	1.692423	3.211010	2.571755	13487.000000
1934	86.532617	86.264524	0.268093	4.542727	3.061602	14.233406	1.179644	13491.000000
19801	88.091162	88.035509	0.055653	0.556378	1.939507	1.314447	5.786656	13104.000000
17594	90.924406	90.609297	0.315109	3.414742	0.955726	1.184101	9.970222	11892.000000
9606	88.891363	88.455548	0.435815	1.526830	0.786562	0.709946	1.750642	12401.000000
27981	86.518627	86.297867	0.220760	3.796358	2.074868	8.627760	0.651408	13487.000000
3776	86.416444	86.727472	-0.311028	2.939686	1.004435	2.716689	0.937882	13322.000000
17301	89.693741	89.241100	0.452641	0.000000	1.966906	0.905664	5.045636	12211.000000
3999	86.534629	86.411385	0.123244	2.110826	1.829311	3.273211	2.971154	13490.000000
20046	88.768169	88.739324	0.028844	1.170734	0.588983	0.000000	1.704580	12471.000000
19642	87.339112	87.631242	-0.292130	1.871897	0.985554	1.087256	2.783523	13104.000000
32894	87.846499	87.447336	0.399163	0.648277	2.344878	2.005348	6.885856	13489.000000
13480	87.745336	87.364222	0.381114	1.921365	1.151793	1.939999	4.067409	13230.000000
24337	86.623732	86.751809	-0.128076	0.337111	2.423672	2.153892	1.916133	13322.000000
2330	86.736036	86.716030	0.020006	0.930231	3.135284	4.372755	4.956157	13485.000000
22411	88.338583	88.543825	-0.205242	0.000000	1.658201	0.719360	2.121693	12366.000000
1002	87.209741	87.214043	-0.004302	3.491135	0.414310	0.495034	1.360325	13311.000000
15800	87.173583	87.246181	-0.072599	2.188619	1.316988	2.239124	3.062985	13141.000000
25636	88.827005	88.749831	0.077174	3.347213	1.254000	1.033745	11.586020	13495.000000
13899	89.633001	89.357868	0.275132	0.000000	1.386086	0.264683	2.895231	12025.000000
28112	86.471496	86.718879	-0.247383	0.851477	1.398797	0.759130	0.101175	13487.000000
12516	87.251972	87.286311	-0.034339	1.911548	0.959957	1.755356	2.841423	13113.000000
15660	87.509651	87.676996	-0.167345	1.160953	1.201116	1.089065	3.321818	13141.000000
34096	86.827607	86.543947	0.283660	4.655315	1.117565	5.550350	0.767468	13327.000000
13768	89.304030	89.201070	0.102960	0.520525	0.994121	0.000000	0.832953	11875.000000
32114	88.135002	87.995341	0.139661	4.835806	0.731819	3.452823	5.580726	12749.000000
5099	86.499146	86.183280	0.315867	4.012976	1.252720	4.422963	2.806862	13421.000000
24244	86.644185	86.638081	0.006104	0.750894	1.681870	1.428343	2.307138	13484.000000
30630	86.966504	86.642786	0.323718	0.736019	1.895265	2.674396	3.146960	13421.000000
45558	89.463408	89.127615	0.335793	0.209348	2.461381	2.327292	4.583192	11797.000000
5329	87.205581	86.928865	0.276716	0.000000	2.101864	1.424549	2.603166	13329.000000
41280	87.568681	87.300494	0.268187	1.119007	0.831977	0.157403	1.125839	13285.000000
2520	87.263752	86.829130	0.434623	2.118196	2.299420	4.008071	5.576755	13487.000000
4558	86.645538	86.530713	0.114824	1.703376	1.878162	3.276281	3.387096	13409.000000
23172	87.823949	88.113615	-0.289666	5.393407	0.000000	0.756735	5.594897	13438.000000
23389	88.586866	88.541312	0.045554	2.417528	1.483524	1.319215	9.330079	13375.000000
8271	87.511797	87.290426	0.221371	1.002773	1.880790	1.972143	4.922326	13320.000000
23861	87.881145	87.914741	-0.033596	3.523435	0.868812	2.106263	6.660341	13271.000000
13870	89.170066	89.242725	-0.072658	2.205715	0.566252	0.022484	1.840235	12025.000000
45139	89.405018	88.900486	0.504532	1.311137	0.538822	0.000000	2.282442	12471.000000
40126	86.037104	86.553055	-0.515951	0.000000	3.782115	5.785764	2.911637	13497.000000
33359	86.805011	86.629608	0.175402	3.915512	1.192271	4.557876	2.248082	13230.000000
1678	86.237654	86.594929	-0.357275	1.184142	2.527789	3.252036	4.021955	13495.000000
42234	89.575531	89.538128	0.037403	2.761037	0.484158	0.480204	4.572555	12211.000000
35396	88.740095	88.702616	0.037479	1.624431	0.458392	0.011380	0.807486	12248.000000
42642	89.132390	89.149546	-0.017156	0.644498	1.129572	0.545726	1.757680	11892.000000
46500	87.289653	86.694878	0.594775	3.244435	1.094383	2.537028	2.688637	13310.000000
45177	89.327637	89.342190	-0.014553	2.047340	0.415008	0.131520	4.460644	12471.000000
39760	89.308803	89.123380	0.185423	0.487866	0.806501	0.000000	1.471597	11984.000000
30583	87.459400	86.993387	0.466013	0.448472	2.114888	1.874650	4.197454	13421.000000
34394	86.821654	86.713190	0.108464	3.636240	2.542652	10.943448	0.000000	13327.000000
18701	88.360083	88.618510	-0.258428	1.767858	1.416436	1.129455	7.179477	13054.000000
39799	89.847091	89.756174	0.090917	2.407644	0.328349	0.219655	3.698209	11984.000000
6551	87.866220	87.872477	-0.006257	0.000000	1.844069	0.756258	1.302091	12628.000000
6524	87.779055	87.678432	0.100622	0.000000	2.446354	1.929342	1.643917	12628.000000
50019	87.348543	87.043663	0.304879	0.431376	1.596433	0.907313	1.954864	13322.000000
36980	87.192141	86.950826	0.241315	0.992199	2.051260	2.218362	4.566754	13488.000000
38200	87.595992	87.289196	0.306796	0.000000	2.093797	1.676104	2.825687	13113.000000
2785	86.380569	86.323482	0.057088	2.921310	1.698556	6.923362	0.157067	13487.000000
3369	86.983287	87.015617	-0.032330	0.824911	2.907436	3.725611	4.590745	13255.000000
25314	86.777586	86.456916	0.320670	1.496497	2.965035	5.021570	5.089935	13493.000000
13374	87.123117	87.217071	-0.093954	3.353531	1.490932	3.589544	5.331593	13230.000000
43763	87.790024	87.952020	-0.161996	4.533761	0.000000	0.393036	2.423500	13054.000000
26302	86.985643	87.107232	-0.121589	4.434004	0.100728	0.935558	1.682806	13311.000000
32447	86.570758	86.986754	-0.415995	2.294106	2.243216	4.368847	5.251285	13363.000000
14937	88.803641	88.593378	0.210263	3.587546	1.085534	1.345557	10.503388	13497.000000
20875	87.622895	87.927675	-0.304780	3.580913	0.226446	0.674582	4.530949	13439.000000
18557	87.296891	87.471822	-0.174931	4.262987	0.427674	1.211774	1.680984	13054.000000
48571	86.824573	86.580659	0.243914	4.256060	1.419354	4.952381	4.864992	13438.000000
26457	88.354651	88.280644	0.074007	5.357818	0.000000	0.863606	6.238461	13311.000000
44265	86.669231	86.752916	-0.083685	3.020231	0.973133	1.952000	1.471490	13286.000000
40782	87.154642	86.917501	0.237141	2.909459	1.652693	4.295527	4.081383	13141.000000
7968	87.378075	87.416723	-0.038648	3.673990	0.443736	2.304142	1.338841	12846.000000
13845	89.568071	89.542454	0.025617	2.753742	0.159792	0.000000	2.065751	11875.000000
16111	87.429401	87.341304	0.088097	3.819638	1.651147	4.411658	5.983341	13285.000000
30651	87.117656	87.164301	-0.046645	1.203438	1.793769	2.560477	4.381064	13421.000000
6221	87.985603	87.803509	0.182094	4.270000	0.539688	2.288672	5.531416	13187.000000
31902	88.188775	88.096945	0.091830	1.036884	1.510637	1.873989	3.200557	12628.000000
32487	86.828446	86.836754	-0.008308	0.799548	2.885312	3.793088	4.766394	13363.000000
2119	86.856404	87.117595	-0.261190	0.215934	1.337088	0.147010	1.792062	13485.000000
10491	90.099580	89.930705	0.168875	1.242707	1.531169	2.189602	3.930043	11308.000000
21749	88.084062	87.963681	0.120381	0.625509	1.343457	0.931219	3.750968	12994.000000
24967	86.710181	86.349916	0.360266	0.577735	4.587932	11.586715	2.630127	13463.000000
5384	86.409473	87.057935	-0.648461	1.469838	2.737638	3.884181	6.102568	13329.000000
23277	87.330605	87.451630	-0.121025	3.180567	0.882128	2.038315	5.095148	13375.000000
39077	90.724530	90.510024	0.214506	1.332367	0.902055	0.000000	6.884161	11875.000000
41937	88.285962	88.137381	0.148580	0.725805	0.798923	0.000000	0.633505	12651.000000
45069	88.924016	88.883235	0.040782	0.380278	1.367479	0.538281	3.989317	12471.000000
45475	89.871300	89.975771	-0.104471	2.206088	0.883753	1.020281	4.995440	11797.000000
34059	86.413641	86.325902	0.087738	4.484350	2.417200	10.323260	2.699507	13320.000000
9548	88.540216	88.008568	0.531647	0.000000	2.564735	2.599793	3.109482	12401.000000
1613	86.500042	86.428582	0.071459	3.885206	2.927607	12.157103	0.897699	13495.000000
17645	89.538401	89.334609	0.203792	0.103601	1.373802	0.700611	2.441836	11892.000000
34385	87.314398	87.016147	0.298250	3.764820	2.288663	5.297203	7.472809	13327.000000
28514	86.430790	86.590896	-0.160105	4.186919	0.515005	2.518515	1.223278	13447.000000
47351	88.370589	88.197827	0.172762	2.527753	0.956785	1.505783	5.503019	12994.000000
49194	86.623664	86.759165	-0.135501	1.906204	1.767293	3.074803	3.255656	13271.000000
36190	89.932397	90.015478	-0.083081	2.723657	2.305683	4.453949	6.248019	11308.000000
33292	86.823909	86.754704	0.069205	4.457465	0.583497	2.890675	1.815835	13230.000000
5349	87.479878	87.369012	0.110866	3.445867	1.407874	3.373950	5.999237	13329.000000
24398	87.697183	87.847666	-0.150484	3.059726	0.532811	1.126514	4.576737	13322.000000
33505	87.501032	87.587283	-0.086250	0.000000	1.723363	0.813425	0.354906	12846.000000
9053	87.381574	87.341954	0.039620	2.348118	1.390718	2.839344	4.621653	13155.000000
32787	87.018773	86.561846	0.456928	3.004293	2.301655	5.771584	4.817072	13489.000000
16016	88.970465	88.887439	0.083026	2.850978	0.792794	0.437971	8.591835	13285.000000
15769	86.991422	86.734636	0.256786	3.960046	1.173139	4.455215	3.157072	13141.000000
10962	88.175602	87.802045	0.373557	0.032330	2.939130	3.070485	4.544761	12803.000000
42336	89.368438	89.181493	0.186945	0.528754	0.917507	0.000000	2.193003	12211.000000
10580	90.403196	89.923457	0.479739	0.472966	1.814278	1.919155	3.926388	11308.000000
10329	90.290901	90.165135	0.125765	5.370279	0.118489	1.698004	7.778511	11881.000000
46918	87.834588	87.987567	-0.152979	3.351421	0.346357	0.481646	2.865815	13143.000000
12143	88.044918	87.712324	0.332594	0.581592	0.852696	0.000000	1.881327	13183.000000
12560	87.731163	87.496215	0.234948	2.104916	1.989652	2.949463	6.123956	13113.000000
7397	86.915406	86.831752	0.083655	1.602420	2.364429	3.759321	5.347658	13489.000000
9181	87.480886	87.342515	0.138371	0.908970	2.789982	3.562877	5.813197	13155.000000
8976	87.601682	87.048960	0.552723	0.000000	2.482491	1.844475	3.127546	13155.000000
42386	89.231063	89.216527	0.014537	2.727468	1.007681	1.736500	5.608079	12211.000000
22894	86.536773	86.572426	-0.035653	0.472724	1.891894	1.312520	1.797157	13438.000000
29120	87.541181	87.304687	0.236494	1.593927	2.378082	2.996219	6.952585	13322.000000
21333	87.586974	87.615812	-0.028838	2.942594	0.631690	1.136490	3.911669	13310.000000
5163	86.337902	86.348640	-0.010738	2.238206	2.076113	4.015739	2.963738	13421.000000
4103	86.291544	86.317309	-0.025765	4.287066	1.339587	4.697851	3.314353	13490.000000
31744	88.103979	87.915969	0.188010	3.745880	1.334642	4.126252	4.941890	12628.000000
3574	86.769087	87.122508	-0.353421	0.582103	2.377431	2.386520	3.895868	13322.000000
8222	88.416396	88.261472	0.154924	1.153359	0.958032	0.820439	3.360862	12846.000000
24590	86.960836	86.872947	0.087889	3.354739	1.654162	4.276145	5.330085	13322.000000
10522	90.102576	89.850191	0.252385	3.101111	0.814754	2.897481	3.360608	11308.000000
7483	86.653805	86.335321	0.318484	1.270683	3.833513	8.533582	3.562588	13489.000000
32226	87.605255	87.750574	-0.145319	0.294411	2.274770	2.166407	3.681549	12749.000000
7270	86.676054	86.769246	-0.093193	0.000000	2.196575	1.487311	1.766059	13363.000000
49060	87.240281	86.988001	0.252281	5.006409	0.312869	1.622334	1.391451	13271.000000
1179	86.812251	86.805214	0.007037	1.778494	0.877852	0.156965	0.309729	13440.000000
5395	87.159354	86.965138	0.194217	2.571057	1.856844	3.765251	5.043757	13329.000000
48180	87.329990	87.636122	-0.306132	0.101313	2.768384	2.960319	3.026181	12772.000000
39485	89.600948	89.468177	0.132771	0.702420	1.768252	1.426593	5.499147	12025.000000
48397	88.006519	88.385153	-0.378634	3.618616	0.295855	0.662499	6.596468	13438.000000
25793	87.762750	87.789512	-0.026762	2.524466	1.669658	2.311291	8.718374	13495.000000
33542	87.772750	87.506704	0.266046	2.227723	1.202872	4.406935	0.000000	12846.000000
11953	87.061353	86.353940	0.707413	3.805831	1.433881	4.543727	3.241160	13407.000000
41605	88.360364	88.557394	-0.197031	3.170962	0.374532	0.992694	6.122169	13150.000000
48330	90.499334	89.603700	0.895634	3.329731	0.640552	0.523700	9.301865	12772.000000
7541	86.627287	86.333350	0.293937	2.352249	1.567161	2.524336	1.710976	13489.000000
33470	88.198127	88.145855	0.052272	2.110037	0.830073	1.429126	3.585396	12846.000000
21752	87.258575	86.982649	0.275926	0.863208	1.682132	3.282475	1.245879	12994.000000
47336	88.059284	88.371097	-0.311814	3.305623	0.226793	0.073816	3.246336	12994.000000
48128	87.334322	87.630464	-0.296142	1.583335	1.423487	1.909988	2.142866	12772.000000
32481	87.290534	87.212158	0.078376	1.010312	2.710236	3.314976	6.041821	13363.000000
18484	87.103830	87.233570	-0.129740	2.202142	0.858727	1.378994	1.818466	13054.000000
1495	86.664591	86.774121	-0.109530	1.391804	2.197922	2.944973	4.307182	13495.000000
36051	90.135608	89.731317	0.404291	0.756196	1.795730	2.054152	3.520519	11308.000000
11203	86.357991	86.963476	-0.605484	3.031459	1.913905	4.496746	5.630697	13379.000000
1619	86.286758	86.712654	-0.425896	3.871928	1.820831	4.918063	5.754632	13495.000000
24826	87.142278	86.748547	0.393731	1.570517	1.833078	2.779035	2.855737	13183.000000
39494	89.331285	89.252552	0.078733	1.731174	0.475540	0.000000	1.912852	12025.000000
4928	87.785507	87.213837	0.571671	1.215647	1.068530	0.940492	2.763443	13421.000000
17562	89.614057	89.273863	0.340194	3.474646	0.043971	0.393581	1.655207	11892.000000
1717	86.800595	86.630121	0.170474	0.579760	3.144951	4.373739	4.878146	13495.000000
17057	89.047392	89.011801	0.035591	1.427088	1.548184	1.766430	5.307882	12211.000000
7701	87.808757	87.510447	0.298310	1.697746	2.253613	2.959339	6.236790	13230.000000
29898	86.432375	86.557205	-0.124830	0.496331	2.317035	2.387037	1.374350	13409.000000
2046	86.582404	86.961650	-0.379246	0.660233	2.164361	2.081696	4.111213	13491.000000
13820	90.432151	89.447068	0.985083	0.000000	1.326352	0.352642	2.513746	11875.000000
28768	87.395675	87.525412	-0.129737	5.814815	0.178055	1.980765	4.221246	13255.000000
23925	87.002022	86.795995	0.206027	4.439816	1.236130	5.121746	1.002347	13271.000000
1416	87.129843	86.990382	0.139461	3.377702	2.286530	4.631048	7.539853	13495.000000
36418	87.718049	87.584155	0.133895	0.000000	3.154814	3.776031	3.837239	12803.000000
12273	87.046010	86.823398	0.222612	4.286170	0.969981	3.710978	2.850255	13183.000000
49263	86.786156	86.735095	0.051061	4.476642	2.032925	10.355480	0.000000	13271.000000
9303	88.660900	88.893902	-0.233002	3.525554	0.292738	0.751293	3.138481	12401.000000
10528	89.698088	89.755971	-0.057883	3.836675	0.491808	3.126023	1.108844	11308.000000
37234	86.367797	86.314771	0.053027	4.648425	0.841396	3.976231	1.906753	13488.000000
1146	87.972593	87.883487	0.089106	3.556690	0.864568	1.804136	7.323799	13440.000000
45666	88.914021	89.209693	-0.295672	3.000952	0.494171	1.310780	1.400770	11797.000000
48684	88.220588	88.406496	-0.185908	3.686615	0.000000	0.009536	6.353758	13438.000000
19293	86.855888	87.045015	-0.189127	0.683726	1.836738	1.586329	2.202868	13213.000000
37711	87.901979	87.877905	0.024075	0.017719	1.218980	0.000000	2.671889	13183.000000
43150	87.352837	87.106679	0.246158	0.633642	3.472437	5.747317	4.847489	13095.000000
28317	86.352116	86.203175	0.148941	3.204063	1.958426	5.726451	3.393890	13447.000000
28925	86.603809	86.627790	-0.023980	4.527434	1.450167	6.610533	2.110336	13255.000000
44198	86.801943	86.671263	0.130679	2.374807	1.112286	1.954829	0.885125	13286.000000
26343	87.632957	86.367713	1.265244	1.453773	3.979557	12.108192	2.223776	13311.000000
43172	87.681048	87.284370	0.396678	1.578073	1.500618	2.011493	3.175409	13095.000000
46593	88.243507	88.634153	-0.390646	3.675611	0.473405	0.948181	7.984128	13310.000000
16107	87.605543	87.128447	0.477096	3.575806	2.038528	4.597768	7.104375	13285.000000
36417	87.953743	87.850155	0.103587	0.129506	2.608232	2.572819	3.851585	12803.000000
37511	86.546408	86.477239	0.069170	3.640529	0.797119	2.703754	1.989502	13407.000000
17970	89.385627	88.519816	0.865811	2.202199	0.138563	0.000000	4.351132	13095.000000
29676	86.241525	86.144310	0.097215	3.496590	2.319747	8.451634	2.672675	13490.000000
6658	88.033583	88.135555	-0.101973	0.184263	2.515613	2.071514	5.105339	12749.000000
3261	86.510456	86.853643	-0.343187	1.006717	2.284170	2.553164	3.242669	13255.000000
16213	88.061769	88.184006	-0.122237	4.752249	0.000000	0.473942	4.898440	13285.000000
25565	86.280022	86.176989	0.103033	3.172849	1.216111	3.588111	2.321654	13495.000000
22759	88.563730	88.558366	0.005364	3.490908	0.596607	1.269786	5.161084	12772.000000
30864	86.910287	86.953883	-0.043596	3.425192	0.988414	2.521824	3.310766	13329.000000
2333	86.465113	86.370985	0.094128	3.599242	1.440510	4.517010	1.928232	13485.000000
26515	86.643034	86.802691	-0.159657	0.231859	1.873194	1.206299	0.898891	13311.000000
18890	86.711542	87.002105	-0.290563	0.161285	1.787388	0.672977	1.164689	13286.000000
8066	87.878881	87.343515	0.535367	5.104008	0.691136	2.980116	1.820370	12846.000000
33213	87.659506	87.590910	0.068596	0.000000	1.936944	0.906031	4.083463	13230.000000
27481	87.427861	87.420250	0.007611	0.393975	1.497879	0.538025	3.616675	13491.000000
6507	87.344806	87.552854	-0.208048	0.827104	1.824817	3.071336	1.740101	12628.000000
46146	87.731349	87.652241	0.079109	2.623992	1.346244	2.219689	6.761583	13439.000000
10983	88.041912	87.709398	0.332514	0.459112	1.479210	1.393984	2.318745	12803.000000
40746	86.225397	86.307525	-0.082128	2.968570	1.478215	4.210033	3.209497	13405.000000
45383	90.924421	90.854299	0.070122	4.751181	0.007515	0.344760	8.982383	11797.000000
8330	86.543542	86.651031	-0.107489	3.507499	1.164336	4.708087	0.271214	13320.000000
27671	86.231008	86.500984	-0.269976	0.677247	3.515967	6.560042	3.545162	13485.000000
30054	86.400010	86.362280	0.037729	2.901659	2.165813	6.760206	0.851866	13490.000000
34993	88.501288	88.129973	0.371315	1.178582	1.276305	1.689728	2.124752	12401.000000
14632	86.432001	86.421534	0.010467	1.077650	1.970458	3.073302	3.451830	13497.000000
24051	87.693525	88.036925	-0.343400	1.973377	1.042668	0.763372	6.386490	13484.000000
43060	89.009307	88.987654	0.021653	1.829488	1.520617	0.916906	9.235581	13095.000000
38704	87.276688	87.060722	0.215967	3.189368	1.494932	3.884881	4.580580	13230.000000
5026	87.362573	86.870033	0.492540	1.509062	2.949261	4.099253	6.704754	13421.000000
31097	86.539978	86.689882	-0.149903	2.857538	1.792675	4.657057	4.144144	13329.000000
18206	87.797055	87.974570	-0.177515	3.465481	1.120314	2.509751	6.554189	13171.000000
11383	86.381084	86.415937	-0.034853	1.520782	2.127548	7.306120	0.666020	13379.000000
44378	88.483689	88.654849	-0.171160	3.374469	0.990610	1.288516	9.003416	13213.000000
22423	89.386024	89.084918	0.301106	2.047881	1.553608	1.947244	7.170185	12366.000000
49291	88.086146	88.056502	0.029644	1.394458	1.619270	1.313968	6.311798	13271.000000
26903	86.289143	86.221515	0.067628	3.617358	1.761518	5.455594	3.527871	13440.000000
46356	89.817520	88.820484	0.997036	3.180912	0.473376	0.306290	8.148596	13310.000000
49413	87.354797	87.034519	0.320278	1.204141	1.093225	0.965196	2.345315	13484.000000
11966	86.357219	86.212486	0.144734	0.081498	4.937251	11.503467	1.575011	13407.000000
415	88.530378	88.104049	0.426329	4.786898	0.000000	0.000000	4.965878	13491.000000
12809	88.008941	88.024195	-0.015254	1.737075	1.873355	2.237003	7.174991	13113.000000
5040	86.954138	86.470160	0.483979	2.858674	1.656782	5.005547	3.210146	13421.000000
16832	88.259036	87.909651	0.349384	1.452016	1.489276	2.361546	3.345242	12651.000000
43032	88.799907	88.948939	-0.149033	1.047443	1.290348	0.191884	7.016808	13095.000000
30934	87.244466	87.041835	0.202631	2.635111	0.581635	0.643653	0.967651	13329.000000
50490	86.667456	86.299809	0.367648	2.506609	1.942995	5.059203	3.218853	13463.000000
9750	88.358032	88.422998	-0.064965	1.496197	1.087494	1.398141	1.938579	12248.000000
36357	88.063938	88.134715	-0.070777	1.097544	1.755373	1.813709	4.582622	12803.000000
351	87.436979	87.183156	0.253822	1.058648	1.166011	1.118052	3.202261	13491.000000
49541	86.265511	86.360707	-0.095196	2.198627	2.609239	5.611887	4.333295	13484.000000
11271	87.449628	87.146873	0.302756	2.118710	1.820572	3.153025	5.788428	13379.000000
15863	86.935773	87.009530	-0.073757	1.991025	1.254310	1.960693	2.009456	13141.000000
24292	86.537606	86.866311	-0.328706	3.523288	1.586002	4.219232	4.264318	13322.000000
28797	87.981127	87.358917	0.622210	0.628164	2.092646	2.187761	5.052011	13255.000000
44396	87.035880	87.285775	-0.249894	0.066697	1.380834	0.073131	0.949059	13213.000000
46024	91.108591	89.767175	1.341415	3.161026	0.418669	0.000000	8.769472	12626.000000
18255	88.319568	88.559061	-0.239493	2.331836	0.919970	1.032881	7.035668	13171.000000
1759	86.506994	86.731361	-0.224367	0.939816	2.469505	2.770784	4.278834	13491.000000
18140	87.449675	87.473590	-0.023915	2.772853	1.230496	2.584101	4.665567	13171.000000
26488	87.877487	87.903740	-0.026253	1.247698	1.306057	1.239726	5.170334	13311.000000
21688	87.587607	87.671003	-0.083396	1.719542	1.535386	1.949962	4.145595	12994.000000
35015	88.902099	88.716254	0.185845	0.144969	1.780300	1.061399	3.763880	12401.000000
43528	87.561879	87.439876	0.122003	2.356391	1.895717	3.025932	5.907948	13171.000000
23733	88.472110	88.814054	-0.341943	2.489734	0.689722	0.137226	7.370104	13271.000000
21408	86.852740	86.986250	-0.133511	3.033297	1.094683	2.910117	2.952820	13143.000000
16501	87.555017	87.233016	0.322002	3.042331	1.076595	2.905967	4.195124	13150.000000
5054	87.214882	86.829317	0.385566	2.632771	2.449190	4.922284	5.917189	13421.000000
24068	87.433136	87.214606	0.218530	1.224516	1.702593	1.886519	5.238376	13484.000000
17490	89.087575	89.079758	0.007817	1.222385	2.149567	2.794872	5.057729	11892.000000
22798	88.817922	88.919117	-0.101195	2.577576	0.844517	0.763430	6.221263	12772.000000
5406	86.963266	86.981359	-0.018093	1.489357	2.711746	4.011101	6.153856	13329.000000
45374	90.085245	89.673528	0.411717	0.000000	1.743915	0.606776	3.701053	11797.000000
33863	86.839204	86.626173	0.213031	0.112876	2.504608	3.431652	1.038960	13320.000000
38779	88.444402	88.405213	0.039189	2.598334	1.880399	2.206292	10.299002	13230.000000
17405	89.212350	89.292942	-0.080592	0.147002	1.789413	1.021682	3.238379	11892.000000
40778	87.405729	86.677374	0.728355	2.630029	1.617216	3.646185	2.814271	13141.000000
44544	86.642026	86.681053	-0.039028	2.822351	0.948646	2.389743	2.084748	13213.000000
43630	87.730155	88.177016	-0.446862	4.273801	0.039217	0.457949	3.092181	13054.000000
47578	87.844745	88.196451	-0.351706	1.316187	1.055592	0.811120	3.005906	12800.000000
13825	90.343022	89.889390	0.453633	1.415582	0.870121	0.723683	4.409393	11875.000000
37667	87.716995	87.928237	-0.211242	5.733026	0.000000	0.854320	3.515248	13183.000000
23558	87.558593	87.253352	0.305241	3.659194	1.120004	3.161737	5.792218	13375.000000
43338	88.298615	87.599116	0.699499	0.833398	0.827409	0.000000	1.554506	13171.000000
25841	86.445028	86.169359	0.275669	0.230572	3.273640	6.484418	1.022938	13495.000000
30845	86.735812	86.748701	-0.012888	5.139912	1.146605	6.434732	0.086753	13329.000000
33219	87.833523	87.475230	0.358293	0.176055	1.294665	0.299286	2.037489	13230.000000
13116	88.363903	87.794766	0.569137	0.000000	1.770906	0.813967	1.577237	12710.000000
38003	87.080781	86.600022	0.480759	1.231430	3.939795	11.095707	1.838129	13113.000000
48786	86.556835	86.728775	-0.171940	3.311572	0.777154	1.764080	0.901622	13375.000000
48778	86.510142	86.653865	-0.143723	1.445485	1.109603	1.139894	0.913474	13375.000000
41638	88.323355	87.938862	0.384493	1.438848	0.750788	0.239267	2.777690	13150.000000
2223	86.852090	86.701324	0.150767	1.879761	2.354167	3.879858	5.011517	13485.000000
20691	88.260941	87.747024	0.513917	1.077559	1.829057	2.798109	3.338987	12626.000000
14399	88.713829	88.941939	-0.228110	3.430385	0.667178	2.429895	3.729434	11984.000000
6042	86.990729	86.946266	0.044463	0.995682	2.042045	2.909336	3.764211	13187.000000
15007	86.303430	86.393384	-0.089954	0.000000	2.639076	4.151423	0.717317	13480.000000
684	87.490415	87.630076	-0.139661	3.125181	1.150014	2.230027	6.741599	13491.000000
13250	87.158756	86.861770	0.296986	1.671934	1.266238	2.121819	2.651804	13230.000000
24838	86.618470	86.770132	-0.151662	2.915359	2.600076	8.982353	1.359418	13183.000000
43650	89.192849	89.087637	0.105212	4.044014	0.245948	0.469578	8.235403	13054.000000
39631	89.090068	88.895730	0.194338	0.729679	2.549212	2.701313	5.757241	12025.000000
6116	87.078445	87.269298	-0.190853	3.256602	1.935393	4.784435	5.503935	13187.000000
28964	86.876751	86.668392	0.208360	4.667735	0.932246	4.174647	2.270860	13255.000000
31053	87.059927	86.915152	0.144775	2.522754	1.847882	3.946197	4.543917	13329.000000
29375	86.636075	86.313642	0.322433	4.595938	1.162150	4.893492	2.681942	13490.000000
44288	86.496321	86.777214	-0.280892	0.606485	1.538484	1.522792	1.630060	13286.000000
779	87.108717	86.945726	0.162992	3.758182	0.338653	0.612529	0.566245	13311.000000
34566	88.213583	88.240294	-0.026710	1.854601	2.155400	2.295630	8.934921	13155.000000
44808	88.975196	88.622554	0.352642	0.826182	1.007363	0.078866	5.642783	13104.000000
12328	87.201609	87.214196	-0.012587	2.275570	2.096952	3.811319	5.413244	13183.000000
41831	88.308776	88.327788	-0.019012	1.826895	1.678382	2.510282	5.310093	12651.000000
41867	88.708485	88.455730	0.252755	0.173202	2.056365	1.452048	4.767320	12651.000000
17756	87.397977	87.501716	-0.103739	0.251741	2.349044	1.874273	4.365867	13095.000000
17404	89.192592	89.288286	-0.095694	1.252342	1.156772	1.391217	3.236368	11892.000000
15517	86.468603	86.516454	-0.047851	1.743364	2.163603	3.407247	3.458366	13405.000000
8794	87.140189	86.676641	0.463547	1.556990	2.158298	3.003139	2.776220	13327.000000
7341	87.491385	87.345540	0.145846	1.636196	1.396258	1.724064	5.356559	13489.000000
45304	88.340701	88.666883	-0.326182	2.272095	0.756789	1.601022	3.595380	12471.000000
30049	86.280054	86.212383	0.067671	3.362323	3.044372	10.962428	2.333476	13490.000000
46794	87.343520	87.115479	0.228042	1.998627	1.046961	1.607443	1.763479	13143.000000
45857	88.263104	88.374849	-0.111746	0.000000	1.655098	0.797528	3.361203	12626.000000
16178	86.892848	87.006075	-0.113227	5.064051	0.506490	2.294052	3.145075	13285.000000
48884	86.476610	86.377639	0.098971	2.950296	1.561163	4.446452	3.264134	13375.000000
31492	87.375500	87.431171	-0.055671	0.005458	1.693800	0.741788	2.413103	13187.000000
3915	86.917072	86.781495	0.135577	2.894159	1.536170	3.423291	5.067808	13490.000000
7540	86.295157	86.359210	-0.064052	2.172306	1.629973	3.132196	2.941581	13489.000000
9615	89.192571	89.293298	-0.100727	4.726610	0.000000	1.046334	5.864910	12401.000000
24036	86.708617	86.524358	0.184259	4.093012	0.538415	2.183806	0.920580	13484.000000
5147	86.829367	87.025378	-0.196010	2.020145	2.502653	4.066525	5.748259	13421.000000
37912	86.653226	86.869979	-0.216752	1.698984	2.605921	4.875654	4.078001	13183.000000
5768	86.755671	86.433888	0.321783	1.355000	2.671651	4.607864	3.430469	13487.000000
49943	87.059325	87.159439	-0.100114	2.587484	2.295223	4.159097	6.400136	13322.000000
27999	86.172418	86.173427	-0.001008	2.733806	2.640634	7.402328	2.961453	13487.000000
27006	86.621047	86.722436	-0.101389	2.196194	2.603333	4.653665	5.950279	13495.000000
6294	88.399556	88.295365	0.104191	0.600676	2.544523	2.486044	6.109506	12628.000000
41046	87.240269	86.914875	0.325393	3.524516	1.072555	3.142872	0.612077	13141.000000
33876	87.141006	87.242499	-0.101493	4.117192	0.355609	0.960555	2.238032	13320.000000
2784	87.081926	86.699503	0.382423	1.472561	2.126575	3.220896	4.618756	13487.000000
41202	87.784025	87.208972	0.575053	2.480888	0.367538	0.044232	0.538164	13285.000000
24243	86.968244	87.055410	-0.087166	1.068009	2.559552	2.863554	6.345063	13484.000000
32192	87.301290	87.526788	-0.225497	0.718450	1.746740	1.872606	1.177789	12749.000000
29209	87.125103	86.593204	0.531898	0.906328	1.799837	1.784813	1.673479	13322.000000
11490	87.358588	87.639972	-0.281384	5.784162	0.045490	1.886175	5.539334	13488.000000
18118	87.048255	87.237857	-0.189602	3.581031	0.717816	1.697329	2.539865	13171.000000
7903	87.582551	87.371245	0.211306	1.218974	2.264272	7.047801	0.464662	12846.000000
27976	86.311783	86.255399	0.056383	3.410859	2.294757	8.409189	1.232982	13487.000000
44125	88.656687	88.628535	0.028152	1.303647	1.564391	0.935389	7.954434	13286.000000
497	86.660938	86.846589	-0.185651	3.619767	0.530366	0.876457	1.116378	13491.000000
8901	87.175071	86.685873	0.489198	0.329471	2.384653	2.641142	3.011788	13327.000000
15702	88.182747	88.223574	-0.040827	0.703364	1.722350	1.004007	6.003295	13141.000000
31170	86.444051	86.455466	-0.011415	2.781353	1.337950	2.752282	3.186647	13487.000000
30388	86.330856	86.208643	0.122213	4.199321	1.243758	4.347035	2.797441	13490.000000
29279	86.337508	86.850963	-0.513455	3.052675	2.176023	4.971247	5.442515	13322.000000
43922	87.565479	87.554753	0.010726	2.125132	2.874503	4.678914	7.082774	13054.000000
11972	87.132156	87.099086	0.033070	4.076289	1.552641	4.113945	6.384085	13407.000000
20778	88.231805	88.628619	-0.396814	3.939199	0.345237	0.706046	3.460838	12626.000000
46940	87.642292	87.631891	0.010401	1.697803	1.632257	2.250705	5.270645	13143.000000
35300	89.500815	89.053656	0.447160	1.056601	1.118670	0.856769	3.723492	12248.000000
25297	87.047586	86.565246	0.482340	2.198214	2.303813	4.466791	5.076157	13493.000000
33460	87.568128	87.439289	0.128839	4.728517	0.351596	3.127826	0.000000	12846.000000
28016	86.298328	86.512800	-0.214473	3.532882	1.837012	5.044642	4.996341	13487.000000
35575	89.982876	89.994488	-0.011612	2.243767	1.195611	1.417591	6.941442	11881.000000
26942	86.335343	86.448292	-0.112949	3.134444	1.595329	4.250397	3.937960	13495.000000
49760	87.323971	87.141442	0.182529	4.036851	0.665660	2.070354	3.660303	13322.000000
2511	87.192962	86.812522	0.380440	1.413302	2.350562	3.389734	5.632147	13487.000000
38371	87.926540	87.774698	0.151842	4.855760	0.260725	1.734402	1.040943	12710.000000
28635	86.477435	86.473565	0.003870	4.634241	2.508424	12.472937	0.111895	13447.000000
21544	87.334529	87.152598	0.181931	0.575270	1.214308	1.179039	1.129497	13143.000000
6751	87.355214	87.559469	-0.204255	3.346767	2.289503	8.475010	1.409984	12749.000000
46558	87.044165	87.233425	-0.189260	2.549848	1.134630	2.430426	4.092380	13310.000000
19854	88.626145	88.830986	-0.204841	3.321312	0.192189	0.000000	2.717028	12471.000000
46701	87.967556	87.843481	0.124075	2.475336	0.353121	0.415773	2.529929	13143.000000
35339	89.811799	89.251095	0.560705	0.424252	2.032331	1.537162	6.027829	12248.000000
24902	87.103383	87.017358	0.086026	2.166146	2.719141	5.565718	4.821919	13183.000000
11421	86.412313	86.430977	-0.018664	0.000000	2.529433	2.682247	1.359122	13488.000000
46848	86.870867	87.145206	-0.274339	1.587955	1.767682	2.524949	3.228973	13143.000000
2554	87.013794	86.472535	0.541259	0.619997	2.807973	3.497952	3.226428	13487.000000
4910	86.389839	86.404325	-0.014486	0.813366	2.035080	2.909852	1.983369	13490.000000
42285	89.283039	89.084609	0.198430	2.254527	0.344846	0.000000	2.163139	12211.000000
3459	86.904804	86.772818	0.131986	3.520973	0.956701	5.095822	0.281642	13255.000000
14674	86.814371	86.533715	0.280656	0.093927	2.374300	2.375896	2.517157	13497.000000
38306	87.421247	87.716289	-0.295042	2.356029	1.163193	2.358483	2.795965	12710.000000
34765	87.051411	86.721509	0.329901	2.873059	1.477958	4.271668	3.720248	13155.000000
44582	87.258731	87.114029	0.144702	2.110005	1.811357	3.289548	4.212836	13213.000000
22714	89.127211	89.151530	-0.024319	5.992770	0.000000	0.761995	6.770284	12772.000000
47602	88.076921	88.132788	-0.055867	0.000000	1.555068	0.145662	2.148566	12800.000000
28214	86.426731	86.840466	-0.413736	2.730768	1.812062	3.906215	5.185472	13487.000000
31200	86.623483	86.282414	0.341069	4.249499	3.237804	14.142018	0.000000	13487.000000
26625	87.601707	87.476731	0.124976	2.196755	1.579255	2.213306	6.697392	13440.000000
8517	87.204170	87.248153	-0.043982	0.277322	1.700787	1.205096	2.962316	13320.000000
9263	87.063602	86.963215	0.100386	0.000000	1.893152	0.898875	1.113301	13155.000000
50556	86.177829	86.060948	0.116881	2.632573	2.418143	7.025336	2.558358	13463.000000
10874	87.719515	87.795160	-0.075645	2.970805	2.155326	4.419785	6.381666	12803.000000
34823	88.377000	88.302462	0.074538	2.812136	1.465442	3.696600	4.554564	12401.000000
15137	86.566609	86.324698	0.241912	2.757278	1.464690	3.602378	3.052735	13480.000000
16359	87.555398	87.756898	-0.201500	0.550152	1.037712	0.000000	2.476848	13150.000000
22966	87.716177	87.771302	-0.055125	4.571945	0.941045	2.956964	7.652407	13438.000000
4626	86.634268	86.824750	-0.190482	2.488016	1.414537	2.931643	5.049359	13490.000000
9178	87.376187	87.038466	0.337721	2.837711	1.711656	4.603125	4.141936	13155.000000
9013	87.067772	87.106424	-0.038652	1.149924	1.554290	1.675375	2.721163	13155.000000
10778	87.477724	87.754361	-0.276636	0.574728	2.537575	2.723533	5.013090	12803.000000
38408	88.535835	88.656728	-0.120893	3.648965	0.352870	0.953930	4.017840	12710.000000
7793	87.561097	87.246048	0.315049	4.511959	1.706613	5.085082	6.567035	13230.000000
8974	87.348232	86.877005	0.471228	2.060226	1.082694	2.062547	1.354693	13155.000000
14555	88.920723	88.788323	0.132400	4.372700	0.222109	1.137978	0.760863	11984.000000
30907	87.748945	87.935086	-0.186142	2.525158	1.834559	2.513964	8.491577	13329.000000
32087	87.660483	87.509942	0.150541	3.013147	1.679022	4.685498	4.525804	12749.000000
7606	87.072123	86.655465	0.416658	0.929803	2.672081	3.995243	4.233847	13489.000000
9116	86.639966	86.921840	-0.281875	3.780959	1.139407	3.779009	4.228122	13155.000000
15579	87.637629	87.476660	0.160970	0.362679	1.232055	0.438997	2.988270	13405.000000
28231	86.174168	86.333523	-0.159354	3.947029	2.687068	11.092568	1.349238	13487.000000
28608	86.231962	86.147683	0.084279	3.902443	1.526457	5.136200	2.466848	13447.000000
36222	87.288483	87.913860	-0.625377	2.937041	1.163414	2.945845	4.494135	12803.000000
41629	88.045768	87.800297	0.245471	0.482864	1.436358	0.509414	3.505232	13150.000000
12766	88.038633	88.076723	-0.038090	2.374952	1.126193	1.793468	5.792374	13113.000000
42934	88.167108	88.302117	-0.135010	4.474992	0.082200	1.209223	5.121258	13095.000000
50537	86.517585	86.098546	0.419039	1.839000	4.035878	12.946099	1.253636	13463.000000
23063	88.374263	87.596692	0.777571	1.114584	0.612402	0.000000	2.686680	13438.000000
18610	87.116526	87.196011	-0.079484	0.741622	1.304471	1.007206	1.103475	13054.000000
39382	89.269509	89.027106	0.242403	1.284522	2.008168	2.566146	5.219235	12025.000000
29338	86.472813	86.374706	0.098107	5.723170	1.210525	6.921316	1.337239	13490.000000
50082	87.000312	86.803794	0.196517	0.258463	2.380100	2.551083	3.197535	13322.000000
1574	86.132912	86.229542	-0.096631	2.815498	1.916869	5.479043	3.718363	13495.000000
29761	86.327486	86.390119	-0.062633	3.815008	1.080313	3.941108	3.039531	13409.000000
15248	87.870384	88.071944	-0.201559	3.925871	0.157383	0.968357	5.626862	13480.000000
23985	86.500775	86.513379	-0.012604	0.540827	3.741907	7.320120	4.237818	13484.000000
