0	88.217255	87.987083	0.230172	0.456715	1.870777	1.448089	5.690835	91.497761	46.400000	13470.000000
1	87.238674	87.475224	-0.236550	0.789025	0.635896	2.260844	3.188145	96.725392	46.400000	13470.000000
2	88.031101	88.023741	0.007360	3.225031	3.018669	3.523597	9.659783	93.815851	46.760000	13470.000000
3	86.718547	86.717578	0.000969	1.650692	0.842645	5.813260	4.929439	100.000000	45.320000	13470.000000
4	88.026353	87.964168	0.062185	0.698834	1.651547	3.775973	7.682784	93.000000	39.560000	13470.000000
5	88.112784	88.049792	0.062991	0.730791	2.021574	1.353368	6.969843	94.000000	42.383416	13470.000000
6	87.858427	87.640460	0.217967	3.708086	4.820657	0.000000	3.576949	75.000000	39.237728	13470.000000
7	87.547867	87.668813	-0.120946	3.322253	3.639192	0.000000	1.042678	79.542015	38.346054	13470.000000
8	87.205233	87.514658	-0.309425	4.436632	0.000000	2.003056	2.124166	96.000000	47.120000	13470.000000
9	88.072931	87.635058	0.437872	3.248814	2.331327	3.875235	9.249788	96.279279	43.520000	13470.000000
10	87.676455	87.600305	0.076149	0.817619	1.278880	3.166396	5.326281	98.678329	41.726223	13470.000000
11	86.590639	87.576132	-0.985493	2.729672	3.044481	2.229475	0.602125	96.580097	48.920000	13470.000000
12	87.080992	86.776223	0.304769	1.210943	0.746291	4.697378	4.256006	99.000000	48.920000	13470.000000
13	87.737860	87.607701	0.130159	3.761055	0.836686	0.509365	5.883033	96.000000	45.480452	13470.000000
14	87.247672	87.552610	-0.304938	3.448798	0.402969	0.639516	4.672910	95.628378	46.400000	13470.000000
15	86.942580	87.333799	-0.391220	3.356391	0.990788	0.243529	1.365533	91.470762	48.920000	13470.000000
16	87.907798	87.970081	-0.062284	2.283609	0.672580	0.523489	4.533838	88.323888	41.000000	13470.000000
17	86.822130	86.997245	-0.175114	4.679720	1.004013	7.157178	4.322338	99.000000	42.800000	13470.000000
18	86.510726	86.407427	0.103299	4.298635	1.294661	8.461640	6.182034	98.000000	48.920000	13470.000000
19	87.025912	87.811694	-0.785782	0.888977	4.263085	3.020849	2.544860	97.826234	48.920000	13470.000000
20	86.960254	86.508396	0.451858	3.648331	0.927196	6.663652	5.328977	99.000000	53.240000	13470.000000
21	87.247267	86.811346	0.435921	3.603451	0.628990	5.852880	4.202903	100.000000	52.160000	13470.000000
22	87.826575	88.035925	-0.209349	1.289140	1.807900	2.454221	6.586170	94.330491	44.600000	13470.000000
23	87.616398	87.484840	0.131557	6.114382	0.911264	1.272545	5.587950	90.500812	45.680000	13470.000000
24	86.906069	87.209205	-0.303136	7.961429	0.000000	4.046058	6.890967	99.000000	51.080000	13470.000000
25	87.236478	87.322396	-0.085918	6.039661	0.000000	1.122599	2.176370	96.000000	52.160000	13470.000000
26	87.328910	87.481498	-0.152587	6.840227	1.214728	1.414731	1.367437	84.954633	46.040000	13470.000000
27	87.188117	87.666926	-0.478809	0.588072	0.346083	1.678906	2.629941	100.000000	48.920000	13470.000000
28	86.837530	87.654546	-0.817017	3.771133	1.319114	1.034197	3.352453	94.883999	42.440000	13470.000000
29	87.731369	87.887185	-0.155817	0.347535	2.086631	0.851933	6.792451	98.793503	44.600000	13470.000000
30	88.044552	88.054768	-0.010216	3.739297	1.864907	0.542302	6.901451	74.000000	42.800000	13470.000000
31	87.185788	87.498054	-0.312266	4.675614	0.629676	0.000000	2.295138	88.916698	40.535333	13470.000000
32	87.615164	87.786995	-0.171831	1.321080	0.000000	0.288973	1.989918	98.000000	41.720000	13470.000000
33	87.361081	87.615712	-0.254632	2.261736	0.396771	1.698885	4.482012	90.815315	39.560000	13470.000000
34	87.264574	87.613704	-0.349130	1.344219	0.000000	1.140057	2.719110	100.000000	47.840000	13470.000000
35	88.349829	87.928066	0.421763	4.003827	2.080368	2.000131	8.829903	85.758047	40.640000	13470.000000
36	86.937822	86.678261	0.259561	1.515229	0.938675	5.696889	5.025683	98.914093	45.680000	13470.000000
37	88.059774	88.056734	0.003039	1.763258	1.135750	1.081024	5.556238	95.580916	42.440000	13470.000000
38	88.321503	88.276015	0.045487	1.809912	1.823900	1.027342	5.652378	95.000000	38.480000	13470.000000
39	88.163259	87.923895	0.239364	0.869584	1.142940	2.702071	6.177597	98.958393	40.280000	13470.000000
40	88.103782	88.430957	-0.327175	4.176341	3.507206	1.876144	7.719210	95.473660	42.213868	13470.000000
41	88.192318	87.802262	0.390055	0.449832	1.643289	0.437911	5.315392	79.466894	42.080000	13470.000000
42	87.966032	87.768258	0.197774	1.933827	0.594866	0.541254	4.768735	94.298183	42.211827	13470.000000
43	87.209623	87.837229	-0.627606	0.000000	0.836655	1.980232	3.865968	98.946688	46.400000	13470.000000
44	86.663076	87.630941	-0.967865	1.504564	2.704307	2.923026	2.305802	98.000000	49.280000	13470.000000
45	87.476802	87.559669	-0.082867	1.800330	3.899229	0.000000	2.802556	87.000000	45.453983	13470.000000
46	87.349049	87.468441	-0.119392	5.933707	2.515508	1.253361	3.343138	90.000000	42.080000	13470.000000
47	87.309298	87.308469	0.000829	4.150942	0.000000	0.000000	2.202967	94.824968	44.600000	13470.000000
48	87.370784	87.676916	-0.306131	0.408737	1.200847	0.000000	1.212072	94.905374	45.320000	13470.000000
49	87.530040	87.468579	0.061460	1.566249	1.434744	0.000000	1.169731	95.940491	43.520000	13470.000000
50	87.487116	87.579831	-0.092715	3.194935	2.227388	0.000000	2.136967	93.755465	42.800000	13470.000000
51	87.625577	87.647224	-0.021647	3.306581	3.543849	0.000000	3.030298	76.268014	41.369009	13470.000000
52	87.987873	88.029587	-0.041714	3.380374	2.500550	0.000000	4.628384	80.598662	33.440000	13470.000000
53	88.486173	88.798171	-0.311998	2.655622	2.968091	0.207898	7.195854	73.000000	32.000000	13470.000000
54	87.819086	87.820409	-0.001323	0.000000	0.482961	3.054934	3.883589	92.986125	29.300000	13470.000000
55	87.598193	87.818476	-0.220282	0.000000	0.637090	2.999917	3.921461	94.000000	32.360000	13470.000000
56	88.102514	88.143599	-0.041085	0.648967	3.341351	4.332681	8.949922	94.531886	36.861149	13470.000000
57	88.104581	87.897022	0.207559	0.000000	1.966911	2.970586	7.133027	96.000000	39.200000	13470.000000
58	88.314654	88.108432	0.206222	2.127872	2.157413	3.223409	8.853168	93.832968	39.222966	13470.000000
59	88.248511	88.221066	0.027445	1.565220	2.573513	1.466272	7.998523	96.737354	42.800000	13470.000000
60	88.287960	88.117485	0.170475	2.742655	2.175267	3.018727	9.726120	93.582056	40.280000	13470.000000
61	87.314512	87.772367	-0.457855	0.000000	1.956619	0.653317	2.705351	94.741868	41.401189	13470.000000
62	87.389707	87.435588	-0.045880	0.140550	1.046899	3.261900	4.592228	97.821849	51.645195	13470.000000
63	87.953371	87.780102	0.173269	0.000000	2.080679	0.447290	5.781248	84.552503	48.200000	13470.000000
64	87.883324	87.863882	0.019442	1.384240	0.742119	1.205028	4.548573	98.920138	45.512669	13470.000000
65	87.795059	87.727953	0.067106	2.489148	1.123636	0.000000	3.603683	95.000000	42.440000	13470.000000
66	87.645940	87.767965	-0.122025	0.193030	0.936873	2.311350	4.721699	98.951674	50.000000	13470.000000
67	87.972183	87.978724	-0.006541	1.068291	1.612118	1.026197	6.903498	95.000000	48.920000	13470.000000
68	88.021601	87.779342	0.242259	0.000000	2.749231	0.000000	4.099407	93.192508	44.600000	13470.000000
69	88.123883	88.057807	0.066076	0.911727	2.909548	1.071568	6.741004	90.158424	46.040000	13470.000000
70	88.173947	88.339847	-0.165899	2.250879	1.719718	0.000000	4.449914	69.000000	32.720000	13470.000000
71	88.116550	88.054107	0.062442	2.246132	1.336582	1.291535	6.326530	95.285033	34.160000	13470.000000
72	87.836074	87.672496	0.163578	4.742022	4.011137	0.000000	2.715233	73.000000	36.689595	13470.000000
73	87.306062	87.375309	-0.069247	3.653814	2.006667	0.000000	0.770121	82.000000	41.972859	13470.000000
74	87.079219	87.348638	-0.269420	5.676209	0.000000	3.089510	3.733925	94.018944	46.760000	13470.000000
75	87.735229	87.625189	0.110040	3.042929	0.458585	0.766891	6.287156	100.000000	45.320000	13470.000000
76	87.922250	87.986217	-0.063967	0.621954	2.564265	4.253819	8.980519	94.000000	42.080000	13470.000000
77	87.964692	87.874879	0.089813	0.000000	4.248177	0.000000	5.073808	92.000000	41.864885	13470.000000
78	87.230858	87.731557	-0.500699	0.084427	0.654508	1.154553	3.807931	94.602851	44.290894	13470.000000
79	87.233573	87.452552	-0.218979	1.173130	0.193375	0.039026	1.854669	99.000000	58.706596	13470.000000
80	87.968036	87.991549	-0.023513	1.745955	1.346290	1.277255	5.627614	95.000000	43.160000	13470.000000
81	88.265774	88.085684	0.180090	0.137867	2.897716	2.857830	8.648366	92.194103	38.980049	13470.000000
82	88.386167	88.108079	0.278087	0.732444	2.654062	1.614144	7.359394	89.000000	39.391372	13470.000000
83	88.312354	88.007727	0.304627	1.562290	1.625441	0.187892	6.558497	86.728269	41.720000	13470.000000
84	87.180898	87.634698	-0.453800	0.000000	1.463595	0.000000	0.928806	92.829189	44.084699	13470.000000
85	87.292629	87.393795	-0.101166	0.000000	1.324002	3.764757	4.365817	98.000000	46.868524	13470.000000
86	87.799498	87.827400	-0.027902	0.390365	0.690980	1.817742	4.940273	97.836547	49.280000	13470.000000
87	87.791842	87.681528	0.110315	0.168894	0.984593	0.351416	3.658819	93.275405	46.617117	13470.000000
88	87.558034	87.598404	-0.040370	0.766292	4.735104	0.000000	2.368556	81.103087	40.496885	13470.000000
89	87.524149	87.617199	-0.093050	0.000000	1.295265	1.377157	3.152235	98.000000	49.280000	13470.000000
90	87.739272	88.027731	-0.288459	1.334139	1.283435	1.490247	5.786169	99.000000	47.840000	13470.000000
91	87.961265	87.971908	-0.010644	0.497669	2.484382	2.141195	7.729621	96.000000	46.771956	13470.000000
92	87.623214	87.670597	-0.047383	0.250359	0.900364	0.102805	3.601854	95.000000	47.120000	13470.000000
93	87.709459	87.701631	0.007828	2.000924	1.578073	2.896627	6.599882	96.372884	49.640000	13470.000000
94	87.544509	87.747564	-0.203056	0.479650	0.806942	2.321819	4.504699	98.808230	47.840000	13470.000000
95	87.518272	87.571231	-0.052959	0.000000	1.076792	1.080040	3.865232	97.000000	46.760000	13470.000000
96	87.805874	87.620771	0.185102	2.123423	0.070615	0.647553	3.521967	98.000000	48.200000	13470.000000
97	87.807464	87.831911	-0.024447	2.331554	0.472353	0.035534	5.355830	97.000000	49.640000	13470.000000
98	87.845288	87.723903	0.121385	1.874838	0.806962	1.264456	5.096092	93.708676	47.480000	13470.000000
99	86.994489	87.134749	-0.140260	0.129282	1.650049	4.733246	6.104461	99.000000	50.360000	13470.000000
100	87.317454	87.690453	-0.372998	0.918853	0.295115	0.405496	3.071203	94.000000	52.160000	13470.000000
101	86.868117	87.669751	-0.801634	0.142003	0.187985	0.000000	1.044485	95.535176	50.720000	13470.000000
102	87.157308	87.490536	-0.333227	0.756027	2.267108	0.000000	1.937885	95.000000	50.000000	13470.000000
103	87.243458	87.447241	-0.203783	3.567595	4.058901	0.000000	2.677611	93.000000	46.955373	13470.000000
104	87.309203	87.476853	-0.167650	1.131232	2.188927	0.000000	1.270373	88.000000	47.840000	13470.000000
105	87.138486	87.375014	-0.236528	0.044815	1.739622	4.377846	6.120211	98.948418	50.360000	13470.000000
106	87.901169	87.789960	0.111209	1.093832	1.408280	0.227199	5.467334	94.000000	48.560000	13470.000000
107	87.791253	87.899237	-0.107984	1.589319	1.176190	0.695469	4.774853	97.023765	47.480000	13470.000000
108	87.645732	87.305709	0.340023	0.000000	0.912996	3.654004	4.318934	93.919840	43.160000	13470.000000
109	88.043024	87.835676	0.207348	0.000000	2.623008	0.655621	4.663907	92.225078	43.199573	13470.000000
110	88.076775	87.882523	0.194252	0.043736	2.741657	1.940470	6.551084	87.000000	43.371681	13470.000000
111	88.033253	87.952288	0.080965	1.911072	1.263509	0.752222	5.458550	85.000000	45.308524	13470.000000
112	86.836654	87.053768	-0.217114	0.510404	2.235404	5.005953	4.978157	91.982994	47.480000	13470.000000
113	87.679782	87.803867	-0.124086	0.935806	2.018349	0.000000	4.256027	98.000000	47.840000	13470.000000
114	86.598481	87.373898	-0.775417	0.734400	2.728508	4.885429	3.145099	85.641172	48.560000	13470.000000
115	86.848954	87.369953	-0.520998	5.671154	0.000000	1.823067	4.336006	98.000000	49.499367	13470.000000
116	86.671973	87.218273	-0.546300	3.008212	0.242207	3.894326	5.169981	99.000000	50.000000	13470.000000
117	86.492780	87.603967	-1.111187	4.673883	1.298100	2.316863	4.018941	97.000000	50.351913	13470.000000
118	86.888198	87.551454	-0.663255	0.954456	0.000000	1.114144	2.518865	100.000000	51.440000	13470.000000
119	86.530730	87.081318	-0.550588	1.873023	2.229955	4.943994	4.356416	98.000000	48.200000	13470.000000
120	88.013505	87.908322	0.105183	2.372006	0.739718	1.201987	6.758102	97.000000	46.760000	13470.000000
121	86.885296	87.698012	-0.812716	0.000000	1.689983	0.938688	2.313239	97.910187	48.560000	13470.000000
122	88.306042	88.060797	0.245245	0.681694	2.968912	3.166705	9.354057	88.299898	43.430841	13470.000000
123	87.765819	87.790453	-0.024635	1.201087	1.069857	2.380289	5.645251	97.558389	46.400000	13470.000000
124	87.540933	87.480577	0.060355	2.948625	0.000000	0.801545	3.777740	99.000000	51.800000	13470.000000
125	86.684969	86.995765	-0.310796	2.714411	0.000000	3.721608	3.889796	99.000000	52.880000	13470.000000
126	87.177679	87.550709	-0.373031	1.941241	5.850700	0.000000	3.218874	83.541497	48.200000	13470.000000
127	86.738469	87.293150	-0.554680	1.130156	1.287143	0.011528	0.357622	85.000000	51.044695	13470.000000
128	86.645044	87.462668	-0.817624	2.281129	0.771671	1.260092	1.610707	95.000000	52.520000	13470.000000
129	86.639911	87.341725	-0.701814	3.426799	1.069945	0.438962	2.601264	89.000000	51.080000	13470.000000
130	86.675578	86.574285	0.101293	2.041393	0.962952	7.441412	5.646110	100.000000	53.240000	13470.000000
131	87.353709	87.417218	-0.063509	2.724011	0.000000	0.284911	2.891654	96.039521	50.360000	13470.000000
132	86.462006	87.407544	-0.945539	2.512091	1.515469	0.254613	1.751110	90.000000	53.110270	13470.000000
133	86.633283	87.224126	-0.590843	2.461924	0.491460	0.568109	1.921862	92.000000	54.871619	13470.000000
134	87.130974	87.464982	-0.334008	1.528880	0.858228	2.172489	3.797620	94.638678	51.911238	13470.000000
135	87.435345	87.629245	-0.193900	2.260470	2.081203	2.176219	5.938542	85.000000	60.131820	13470.000000
136	86.974172	87.651211	-0.677039	0.000000	1.408754	1.993219	3.685246	97.120541	61.480259	13470.000000
137	87.301160	87.443881	-0.142721	2.111422	0.000000	0.043746	4.100498	99.000000	57.915234	13470.000000
138	87.489246	87.368229	0.121018	3.236815	0.576772	0.157451	4.363265	98.000000	59.950635	13470.000000
139	87.335843	87.318630	0.017213	1.746312	0.000000	1.823353	4.236549	95.348847	61.520000	13470.000000
140	86.985782	87.596141	-0.610359	0.222326	0.875270	1.123398	2.415968	98.000000	59.431170	13470.000000
141	87.244185	87.808438	-0.564253	1.172676	0.804051	1.466030	5.065162	99.000000	57.560000	13470.000000
142	86.791522	87.646940	-0.855417	0.000000	0.128424	1.044544	3.303074	98.965728	56.480000	13470.000000
143	87.017663	87.641909	-0.624246	0.508852	0.778250	2.293738	4.778578	96.000000	59.700541	13470.000000
144	86.856786	87.702601	-0.845815	0.545370	0.384218	0.787486	3.813472	97.000000	59.574302	13470.000000
145	87.110793	87.245657	-0.134864	1.568618	0.005724	2.528701	5.604926	99.000000	58.624453	13470.000000
146	87.102635	87.158739	-0.056104	1.531132	0.000000	2.144411	3.557959	97.000000	62.562888	13470.000000
147	87.314237	87.549186	-0.234949	1.922615	0.444934	1.031138	4.808400	98.325739	60.700661	13470.000000
148	86.580636	87.422623	-0.841987	0.443978	0.695065	0.240966	1.265447	97.632988	57.560000	13470.000000
149	87.361695	87.381773	-0.020078	3.214833	0.541943	0.954372	5.232129	97.863809	56.840000	13470.000000
150	86.766232	87.413399	-0.647167	1.406203	0.214719	0.000000	1.686026	96.066698	56.840000	13470.000000
151	86.684365	87.497665	-0.813300	0.787594	2.904952	2.938163	2.638064	92.239947	53.717429	13470.000000
152	86.836072	87.728271	-0.892199	3.473923	4.025639	2.578255	5.573216	99.000000	59.360000	13470.000000
153	86.654880	87.634280	-0.979400	0.000000	0.784416	0.533931	1.735679	97.918791	53.240000	13470.000000
154	87.403018	87.810649	-0.407631	1.501355	1.433400	1.437025	6.003480	99.303623	54.320000	13470.000000
155	87.305702	86.976026	0.329676	3.600022	1.313004	5.728987	8.918954	98.633108	51.800000	13470.000000
156	86.285298	87.135166	-0.849867	3.900869	0.000000	4.291256	5.511106	98.000000	53.600000	13470.000000
157	86.489579	86.529388	-0.039810	2.259958	0.687132	5.507793	4.994067	98.914199	53.600000	13470.000000
158	86.512739	87.010654	-0.497915	0.987302	0.000000	2.941570	3.886275	100.000000	58.280000	13470.000000
159	86.296680	87.269792	-0.973112	1.859627	0.682606	2.805115	3.122007	93.430362	51.440000	13470.000000
160	86.281879	87.838049	-1.556170	3.536109	4.556545	5.567047	5.819805	84.000000	50.809365	13470.000000
161	86.390935	87.090129	-0.699194	3.537715	3.358902	5.593439	4.793953	89.000000	54.754728	13470.000000
162	86.308814	87.984678	-1.675864	4.911364	5.867086	2.945756	4.598747	88.000000	56.529938	13470.000000
163	86.218065	87.387327	-1.169262	1.978011	1.156424	1.120694	1.429541	73.286447	60.643138	13470.000000
164	86.711080	86.773032	-0.061952	0.947976	3.712070	5.885472	3.169260	100.000000	65.120000	13470.000000
165	86.681013	87.282561	-0.601548	3.128579	4.173319	3.986689	4.408440	97.073251	66.499450	13470.000000
166	86.517907	87.459717	-0.941810	3.584131	4.713694	0.569043	3.177343	84.000000	67.208362	13470.000000
167	86.847563	87.430224	-0.582661	1.231162	0.482486	0.431272	1.245605	83.740031	72.363960	13470.000000
168	86.738059	87.212233	-0.474174	0.000000	1.913813	0.000000	0.926308	93.000000	64.365490	13470.000000
169	86.992265	87.499165	-0.506901	1.180711	0.512356	1.936496	4.289592	92.160769	59.720000	13470.000000
170	86.800961	87.482691	-0.681730	0.987320	0.694182	1.332743	2.666716	91.779192	59.000000	13470.000000
171	87.259786	87.205545	0.054241	2.067933	0.437773	1.791876	3.191561	80.659852	69.370430	13470.000000
172	86.638029	87.576608	-0.938579	0.638041	1.062257	1.406864	3.138254	83.000000	62.098545	13470.000000
173	86.854533	87.425680	-0.571147	1.782019	0.280234	1.261292	3.882387	96.958709	57.440179	13470.000000
174	86.824793	87.388023	-0.563230	2.157761	0.315712	1.350999	3.039423	97.000000	58.280000	13470.000000
175	86.442255	87.580183	-1.137928	1.115705	0.000000	0.419824	3.012686	95.000000	60.800000	13470.000000
176	86.872338	87.451441	-0.579103	2.617110	0.000000	0.000000	2.799128	98.000000	59.484257	13470.000000
177	86.423069	87.537750	-1.114681	1.856480	1.097268	0.000000	2.036554	95.000000	59.360000	13470.000000
178	86.986824	87.401642	-0.414818	1.719507	0.571798	0.000000	2.248903	95.000000	61.988374	13470.000000
179	87.056609	87.294972	-0.238363	2.214271	0.538958	1.870456	4.384374	94.823229	61.337424	13470.000000
180	87.407387	87.575438	-0.168051	1.047533	0.000000	0.808509	2.960609	91.000000	61.461972	13470.000000
181	86.885631	87.534161	-0.648530	0.000000	3.615326	0.268328	3.692197	92.142434	57.481057	13470.000000
182	86.717455	87.315733	-0.598278	0.830724	1.759868	2.632973	2.805073	94.661397	56.697992	13470.000000
183	86.598591	86.520005	0.078587	1.221731	1.308223	6.628242	6.824725	99.000000	61.160000	13470.000000
184	87.234720	87.667568	-0.432848	0.865319	0.446456	0.000000	4.208776	97.115770	57.200000	13470.000000
185	86.804737	87.366555	-0.561818	0.000000	1.505777	0.058266	0.932254	95.000000	56.934610	13470.000000
186	86.879100	87.542389	-0.663289	0.977175	1.079901	0.000000	2.012478	90.843430	56.163272	13470.000000
187	86.795345	87.015175	-0.219830	0.935536	0.842033	3.738658	4.982102	98.000000	57.920000	13470.000000
188	86.607887	87.565351	-0.957464	0.000000	0.288212	0.773829	1.449834	97.873450	59.360000	13470.000000
189	86.510097	87.271377	-0.761280	2.930653	0.000000	2.556147	4.557493	97.537304	61.842445	13470.000000
190	86.266240	87.658906	-1.392666	1.591033	0.000000	0.154719	3.010428	99.508998	61.160000	13470.000000
191	87.328973	87.438712	-0.109739	2.210950	0.172438	0.407676	2.988099	97.000000	57.560000	13470.000000
192	86.532578	87.525390	-0.992812	0.311337	0.000000	0.063683	1.392075	88.040365	58.117158	13470.000000
193	86.679644	87.076318	-0.396674	1.984910	1.761923	3.820826	5.916394	96.162389	62.600000	13470.000000
194	87.568086	87.658063	-0.089976	2.001574	2.065462	0.930721	2.485924	94.328441	57.560000	13470.000000
195	87.558427	88.000098	-0.441671	0.000000	4.385118	1.809365	8.125234	98.000000	54.657081	13470.000000
196	87.596602	87.865481	-0.268879	1.794594	1.572125	0.898581	6.084425	96.110509	55.040000	13470.000000
197	86.925496	87.636889	-0.711393	0.806201	0.000000	0.254994	2.649874	98.762928	59.000000	13470.000000
198	86.530638	87.531459	-1.000821	0.384050	0.000000	0.000000	1.731470	99.843968	60.080000	13470.000000
199	86.859356	87.380363	-0.521007	0.997801	0.460130	1.608390	2.396191	99.953843	60.080000	13470.000000
200	86.454330	87.233215	-0.778885	2.388794	0.000000	0.195953	1.967589	96.259278	59.360000	13470.000000
201	86.752406	87.524442	-0.772037	1.222993	4.492221	2.987154	3.826345	99.731962	58.029666	13470.000000
202	86.627537	87.402375	-0.774838	0.971535	0.212200	1.329133	1.781157	98.000000	58.640000	13470.000000
203	86.846118	87.407346	-0.561227	2.286660	0.829190	0.000000	2.280527	96.997261	57.200000	13470.000000
204	87.646585	87.582244	0.064340	0.364031	0.905566	0.935722	3.501976	99.873140	56.840000	13470.000000
205	87.607768	87.327832	0.279936	0.000000	0.694445	3.405107	4.866512	100.000000	53.240000	13470.000000
206	87.395840	87.727952	-0.332113	0.904444	0.638941	0.800627	3.484992	98.826025	53.960000	13470.000000
207	86.651799	87.278711	-0.626912	1.026904	0.601523	1.704910	1.992666	93.946755	56.332802	13470.000000
208	87.106770	87.591551	-0.484780	0.000000	0.179441	0.000000	3.907362	99.507003	57.200000	13470.000000
209	86.579024	87.547003	-0.967980	0.815538	0.000000	0.000000	1.475372	98.000000	57.432993	13470.000000
210	86.626979	87.119143	-0.492165	1.732385	0.000000	2.908813	4.729110	100.000000	59.360000	13470.000000
211	86.471250	86.800856	-0.329606	2.440856	0.000000	3.694518	4.190635	100.000000	60.440000	13470.000000
212	87.058070	87.631554	-0.573484	0.612264	1.131953	0.000000	4.102678	95.460683	57.200000	13470.000000
213	86.680033	86.865955	-0.185922	0.000000	1.249001	4.880743	4.197481	100.000000	56.480000	13470.000000
214	86.457509	87.059580	-0.602071	2.447107	0.000000	2.895532	3.561295	99.000000	59.720000	13470.000000
215	86.509216	87.175871	-0.666655	2.460324	0.126935	2.655306	4.910973	99.000000	59.000000	13470.000000
216	86.353816	87.319623	-0.965807	2.201789	0.000000	0.404106	2.800006	100.000000	59.720000	13470.000000
217	86.550936	87.388521	-0.837585	1.653464	0.000000	0.518735	2.261616	99.499789	56.120000	13470.000000
218	86.653520	87.269510	-0.615990	1.124173	0.000000	2.142351	2.418890	100.000000	62.240000	13470.000000
219	86.587538	87.273246	-0.685708	1.616766	1.569249	3.197579	4.644643	96.959176	55.760000	13470.000000
220	86.675017	87.533998	-0.858982	0.985658	0.591927	0.953296	1.797691	99.634681	53.600000	13470.000000
221	87.316499	87.573880	-0.257381	1.402871	0.319125	0.000000	1.847095	99.306950	52.721448	13470.000000
222	86.641922	86.703362	-0.061440	1.924050	1.760108	6.723700	6.716047	100.000000	57.200000	13470.000000
223	87.354459	87.442084	-0.087625	2.056958	0.000000	0.000000	2.645889	99.645312	55.760000	13470.000000
224	86.636913	87.418085	-0.781172	1.903210	0.477271	0.628904	1.935080	98.788512	55.400000	13470.000000
225	87.573576	87.654921	-0.081346	2.237031	0.986568	0.000000	3.687337	95.502489	53.358549	13470.000000
226	86.872789	87.519218	-0.646429	0.280999	0.000000	0.000000	0.810156	96.486938	53.485055	13470.000000
227	86.560754	87.064320	-0.503566	2.800004	0.000000	3.560344	5.132699	98.663592	57.560000	13470.000000
228	86.682070	87.038835	-0.356766	2.591814	0.000000	3.718097	4.683486	98.681999	57.200000	13470.000000
229	86.344341	87.444324	-1.099983	2.880887	0.173995	0.000000	2.372028	99.000000	58.865152	13470.000000
230	86.597139	87.628928	-1.031789	1.371706	0.800267	0.255407	1.249618	87.611892	53.706721	13470.000000
231	87.169804	87.472744	-0.302940	1.694435	0.139332	0.000000	1.631270	94.121119	55.400000	13470.000000
232	86.710381	86.669036	0.041345	0.839992	1.111824	4.885848	4.294230	97.923517	56.120000	13470.000000
233	86.635053	87.551172	-0.916119	1.029953	0.000000	0.000000	2.076935	100.000000	56.480000	13470.000000
234	86.785948	86.881919	-0.095971	0.000000	0.183754	4.865151	3.856403	100.000000	57.200000	13470.000000
235	87.011642	87.444245	-0.432603	2.407285	0.853614	1.052708	3.931112	99.361441	55.760000	13470.000000
236	86.621360	86.918710	-0.297351	1.385340	1.380261	4.951035	3.647281	99.908817	55.040000	13470.000000
237	86.524043	86.987261	-0.463218	2.269817	0.000000	4.049887	3.846357	100.000000	54.320000	13470.000000
238	86.736496	87.325788	-0.589292	1.231626	0.000000	2.010714	1.908796	99.000000	49.788010	13470.000000
239	86.702034	87.592165	-0.890132	0.187396	0.458014	0.000000	1.110652	91.950772	53.610216	13470.000000
240	86.757102	87.568921	-0.811820	0.452591	0.362777	1.710572	2.667892	98.919582	55.400000	13470.000000
241	86.532559	87.293881	-0.761322	0.954911	0.000000	2.369300	2.724631	97.441478	56.120000	13470.000000
242	87.055916	86.765758	0.290158	0.000000	1.606150	5.471651	4.905823	100.000000	60.958716	13470.000000
243	86.563625	87.516929	-0.953304	0.358025	0.839462	0.069069	0.000000	98.000000	55.112423	13470.000000
244	86.586918	87.318071	-0.731153	1.941882	0.000000	1.590891	3.869690	100.000000	59.777812	13470.000000
245	87.054647	87.383449	-0.328802	0.000000	2.928207	3.509004	4.596889	97.782525	56.165768	13470.000000
246	86.942334	87.611351	-0.669017	0.574004	1.368485	1.273368	2.351992	99.249280	52.785450	13470.000000
247	87.843872	88.022647	-0.178775	1.972881	2.275602	3.095090	8.535629	95.652824	50.080418	13470.000000
248	86.793090	86.860689	-0.067600	0.000000	1.411766	6.076479	3.976990	99.904638	52.124712	13470.000000
249	86.782961	87.362167	-0.579206	0.244275	0.896518	2.975029	3.184827	100.000000	50.720000	13470.000000
250	86.627078	87.623255	-0.996177	0.059787	2.626578	3.661939	2.262610	83.000000	49.973114	13470.000000
251	86.723772	86.970936	-0.247164	1.095033	3.208563	6.472937	3.529582	97.260135	51.800000	13470.000000
252	86.497664	86.841036	-0.343371	2.655877	0.000000	4.599554	5.178897	100.000000	56.911093	13470.000000
253	86.434294	87.310900	-0.876606	2.913680	1.352525	0.873144	2.624393	82.000000	57.855917	13470.000000
254	86.560632	87.323818	-0.763186	1.716602	0.187649	2.432670	2.954396	98.511180	51.800000	13470.000000
255	86.659706	87.487826	-0.828120	1.931336	1.744655	0.000000	1.634163	91.000000	50.794595	13470.000000
256	86.584022	87.278479	-0.694456	1.890872	0.000000	1.030825	2.113907	96.821676	53.240000	13470.000000
257	86.557221	87.538104	-0.980884	1.304825	2.286858	1.778326	1.355802	95.797929	51.800000	13470.000000
258	86.365013	86.958048	-0.593035	2.613266	0.000000	4.031657	3.969996	99.000000	56.828409	13470.000000
259	86.707249	87.240215	-0.532966	4.577892	0.000000	3.248855	5.286690	100.000000	53.600000	13470.000000
260	86.737502	87.309803	-0.572301	3.685828	0.000000	2.246002	3.808580	99.000000	54.320000	13470.000000
261	86.797284	87.409491	-0.612207	0.759372	0.000000	2.625149	2.881408	100.000000	52.160000	13470.000000
262	87.392510	87.555354	-0.162844	0.000000	2.485026	3.847212	5.146147	98.965175	48.560000	13470.000000
263	86.460290	87.015260	-0.554970	3.562466	1.067686	4.785075	3.978123	98.706723	48.200000	13470.000000
264	86.463826	86.724722	-0.260896	3.688373	0.000000	5.334708	4.835440	95.542383	56.480000	13470.000000
265	86.492614	86.640580	-0.147967	1.691004	0.428871	5.463368	4.126496	98.633172	56.840000	13470.000000
266	87.026335	87.330630	-0.304295	3.984906	0.468200	0.000000	3.398039	86.000000	57.920000	13470.000000
267	87.046369	87.422880	-0.376511	1.179561	0.874219	0.000000	2.177141	96.908565	59.360000	13470.000000
268	87.569212	87.636773	-0.067561	2.388865	1.776425	2.834305	7.539361	98.586081	57.560000	13470.000000
269	86.681930	87.268089	-0.586159	0.096844	0.398117	2.748357	2.472929	100.000000	54.320000	13470.000000
270	87.813688	87.899650	-0.085962	0.449667	3.114602	0.000000	6.654982	97.811048	47.877133	13470.000000
271	86.772217	87.114673	-0.342457	0.581468	2.991183	4.998971	4.538646	99.734674	48.444815	13470.000000
272	86.577328	87.560905	-0.983577	2.948428	2.238244	1.861917	3.842828	98.656657	52.520000	13470.000000
273	87.585887	87.602267	-0.016381	2.828927	0.712525	0.408805	5.766870	99.000000	53.660185	13470.000000
274	87.052860	87.560162	-0.507301	2.412435	0.893363	0.000000	2.158988	94.000000	49.032755	13470.000000
275	86.580605	87.526005	-0.945400	2.518435	2.290268	2.823858	3.324228	97.543394	51.080000	13470.000000
276	86.594419	86.817295	-0.222876	1.959144	0.000000	4.309744	4.418614	99.750331	54.680000	13470.000000
277	86.491500	86.870291	-0.378791	3.449670	0.000000	4.552160	5.221890	100.000000	56.729081	13470.000000
278	87.075444	87.355026	-0.279582	3.366773	0.103458	0.633283	2.910598	99.834811	49.930595	13470.000000
279	86.349983	87.333860	-0.983877	1.688201	2.388249	3.152435	2.419461	96.146902	54.305582	13470.000000
280	87.538726	87.614376	-0.075650	0.552030	0.142439	0.000000	2.430512	100.000000	51.080000	13470.000000
281	87.753029	87.857661	-0.104632	1.378797	0.691975	0.643141	3.543771	97.691801	44.381385	13470.000000
282	86.669888	87.555230	-0.885341	1.753905	0.527885	0.000000	0.962141	77.549000	39.200000	13470.000000
283	86.883672	87.862420	-0.978748	3.253945	5.185015	6.540257	4.255867	100.000000	44.960000	13470.000000
284	87.448757	87.270957	0.177800	0.000000	1.734963	4.435167	5.536848	99.990163	46.760000	13470.000000
285	87.426378	87.736921	-0.310543	0.000000	3.565905	2.313340	4.408294	99.966028	44.902806	13470.000000
286	87.808711	87.709924	0.098786	2.389006	1.091931	0.000000	4.851295	98.887192	45.919108	13470.000000
287	86.671524	87.921414	-1.249890	0.879614	4.084937	3.198398	3.003695	95.000000	45.672318	13470.000000
288	86.558339	87.278299	-0.719960	2.165881	0.000000	2.042885	3.681580	100.000000	57.021258	13470.000000
289	87.053275	87.579896	-0.526620	0.719747	1.149413	0.000000	2.467259	89.815585	50.944156	13470.000000
290	87.353292	87.123781	0.229511	0.000000	2.351369	4.927527	6.065850	98.891291	48.200000	13470.000000
291	86.995990	87.784323	-0.788333	0.590039	2.309941	1.654914	2.805754	99.768699	48.200000	13470.000000
292	88.068259	87.985326	0.082933	0.433615	2.360576	1.739413	7.254377	97.783330	45.733248	13470.000000
293	87.232437	87.572577	-0.340140	0.000000	1.930150	2.163048	4.447457	99.982801	49.055299	13470.000000
294	87.949509	87.915013	0.034496	0.269981	3.026038	3.966205	8.462316	93.846011	48.426374	13470.000000
295	87.994093	87.706821	0.287272	0.000000	3.062237	4.525476	6.967565	99.900149	47.065077	13470.000000
296	87.864622	87.816950	0.047672	0.000000	2.137496	2.698243	6.041903	99.576196	48.920000	13470.000000
297	87.309130	87.798364	-0.489235	0.499459	0.614560	1.662503	3.861321	100.000000	51.080000	13470.000000
298	86.669056	86.689265	-0.020209	1.137133	0.436448	5.436788	4.379534	99.926115	55.760000	13470.000000
299	86.988511	87.206874	-0.218363	0.538876	0.996850	4.017930	5.746575	100.000000	54.320000	13470.000000
300	86.673129	87.518143	-0.845014	2.999642	2.223303	1.228753	2.388660	96.441526	50.675418	13470.000000
301	87.213675	87.224389	-0.010714	4.076936	0.000000	1.458504	4.237076	99.718879	54.320000	13470.000000
302	87.214600	87.426725	-0.212124	3.944493	2.770326	0.000000	3.198594	97.467181	55.924955	13470.000000
303	86.878836	87.456223	-0.577387	4.171126	2.630744	0.105504	2.378198	73.069347	50.831087	13470.000000
304	87.474844	87.603721	-0.128877	2.401131	1.558145	0.000000	3.514341	93.711712	45.680000	13470.000000
305	87.982787	87.971093	0.011695	0.000000	3.008829	3.966555	7.928530	98.840463	42.080000	13470.000000
306	87.939886	87.758592	0.181295	0.000000	2.307919	2.682202	6.016106	100.000000	47.840000	13470.000000
307	88.065126	87.667382	0.397744	0.000000	2.355460	3.384430	6.112875	99.511751	47.485864	13470.000000
308	87.710434	87.808283	-0.097848	0.000000	1.568637	0.246224	4.357995	97.861547	45.969627	13470.000000
309	87.477432	87.636817	-0.159384	0.000000	1.753727	0.183820	2.734369	99.687752	46.040000	13470.000000
310	87.155361	87.394172	-0.238810	0.000000	1.164881	3.467479	3.042401	100.000000	50.360000	13470.000000
311	87.145084	87.251216	-0.106132	3.284088	0.000000	1.891147	4.193013	100.000000	54.320000	13470.000000
312	87.038399	87.452752	-0.414353	0.000000	2.240025	3.543890	3.213765	95.000000	52.160000	13470.000000
313	87.830919	87.750814	0.080105	0.239765	1.910778	0.195870	4.464259	97.439693	47.120000	13470.000000
314	87.003174	87.624003	-0.620828	0.647883	0.582310	1.698060	3.025168	100.000000	48.560000	13470.000000
315	87.049117	87.696365	-0.647247	0.042954	1.236919	3.121234	5.724047	100.000000	53.240000	13470.000000
316	87.394859	87.164265	0.230594	0.000000	1.482147	4.272259	5.235265	100.000000	51.440000	13470.000000
317	87.340647	87.429137	-0.088490	2.640457	0.003843	0.470617	1.208446	94.000000	45.248845	13470.000000
318	86.799718	86.575011	0.224707	1.929449	0.985166	6.251281	4.855359	100.000000	53.633972	13470.000000
319	86.590923	86.595924	-0.005001	2.940300	2.561077	7.749118	4.622795	99.000000	51.440000	13470.000000
320	86.868871	87.440841	-0.571970	0.000000	1.102705	3.218080	3.710946	99.837838	55.040000	13470.000000
321	87.333790	87.566789	-0.233000	1.985138	0.000000	1.492962	4.762185	100.000000	48.920000	13470.000000
322	87.852986	87.792124	0.060863	2.107415	1.246762	2.196901	6.677632	98.724957	50.360000	13470.000000
323	86.805106	87.011386	-0.206280	4.447067	2.019156	6.295532	4.484891	100.000000	47.120000	13470.000000
324	86.835942	87.315035	-0.479092	1.827008	0.719849	0.817253	1.095436	99.496046	50.720000	13470.000000
325	87.440944	87.446063	-0.005118	3.235725	0.212838	1.419662	4.927145	96.984050	46.219243	13470.000000
326	87.866002	87.858990	0.007011	0.523188	0.000000	0.794802	4.280293	100.000000	47.840000	13470.000000
327	87.339280	87.451501	-0.112221	2.803589	0.000000	0.480666	2.265147	97.000000	45.292993	13470.000000
328	87.202677	87.538411	-0.335734	0.737097	0.334714	2.007014	3.214073	100.000000	51.800000	13470.000000
329	88.057079	87.983346	0.073733	0.407430	2.075577	2.000010	6.006799	83.185292	46.342938	13470.000000
330	87.399276	87.666984	-0.267708	0.088309	0.534798	0.000000	1.489836	93.217528	46.536995	13470.000000
331	87.825634	87.779893	0.045741	0.308555	1.609994	0.000384	3.830778	97.717265	46.716216	13470.000000
332	87.524387	87.183776	0.340610	0.000000	0.653190	3.660263	4.177631	100.000000	48.200000	13470.000000
333	87.344896	87.189454	0.155442	5.104769	0.000000	3.716242	4.873900	100.000000	51.800000	13470.000000
334	87.581609	87.665116	-0.083506	1.324809	0.292556	1.544133	3.993152	99.719183	50.000000	13470.000000
335	86.789662	86.620604	0.169059	2.659507	0.940073	6.555313	4.437415	100.000000	52.520000	13470.000000
336	86.805070	86.590094	0.214977	2.712155	1.032431	7.134524	4.811852	100.000000	52.312129	13470.000000
337	86.449518	87.142335	-0.692817	2.163046	3.059560	4.663537	2.087350	99.181393	54.320000	13470.000000
338	86.813011	87.295899	-0.482889	1.228044	3.783184	4.584808	2.705048	92.901424	55.175290	13470.000000
339	87.250463	87.736215	-0.485752	0.340494	5.367203	2.011046	4.149515	99.000000	50.720000	13470.000000
340	87.010966	87.741010	-0.730043	0.000000	0.000000	1.825014	2.307979	99.620548	52.160000	13470.000000
341	87.004974	87.258895	-0.253921	1.503541	0.000000	2.215063	2.470585	100.000000	50.720000	13470.000000
342	86.704314	87.311214	-0.606900	1.422444	0.363815	1.673623	1.450188	100.000000	51.080000	13470.000000
343	87.053927	87.338299	-0.284372	4.417915	0.830771	0.000000	1.559524	100.000000	51.970368	13470.000000
344	89.715925	89.933062	-0.217136	2.048448	3.129100	3.529172	7.124366	83.307033	4.460000	13459.000000
345	89.707233	89.548187	0.159046	0.203123	2.010668	1.561065	5.186028	96.858146	4.100000	13459.000000
346	89.738719	89.620531	0.118187	0.382725	1.564462	0.967684	4.228687	95.908234	3.380000	13459.000000
347	89.572258	90.175574	-0.603316	1.082843	2.375521	2.664572	4.643155	76.953153	0.937976	13459.000000
348	89.249937	89.511701	-0.261764	0.633469	1.520894	0.674579	3.476551	91.209600	9.350811	13459.000000
349	88.971616	89.565020	-0.593404	5.411126	6.116094	3.538146	3.409930	73.039056	17.043240	13459.000000
350	88.068931	89.187953	-1.119022	4.270909	4.496390	4.948777	2.733112	89.028237	22.460000	13459.000000
351	87.995425	88.426960	-0.431536	8.081690	2.110263	3.753386	0.614915	76.271860	22.820000	13459.000000
352	88.086041	88.834128	-0.748087	6.802893	1.500814	4.520928	2.482234	100.000000	19.248466	13459.000000
353	88.135746	88.142442	-0.006697	9.644144	1.257629	4.096408	2.383319	94.405996	21.740000	13459.000000
354	88.224265	88.919924	-0.695660	5.230443	3.620703	6.062516	5.513644	93.868530	22.270970	13459.000000
355	88.608244	89.317040	-0.708796	4.325883	2.702618	5.241812	5.081363	99.438908	9.500000	13459.000000
356	89.250349	89.242827	0.007523	1.866893	1.541793	0.947363	5.836982	96.618520	10.940000	13459.000000
357	89.962243	89.835185	0.127058	2.200362	1.527781	1.503822	6.100442	97.224324	1.580000	13459.000000
358	89.879792	90.130280	-0.250488	2.069240	2.955220	3.259468	6.199087	98.442783	0.860000	13459.000000
359	89.129024	89.329994	-0.200970	5.746634	1.058978	4.944932	3.798544	98.405405	6.980000	13459.000000
360	89.513418	89.811771	-0.298353	6.619221	1.143097	5.259507	4.664737	80.950991	1.220000	13459.000000
361	89.236672	89.703622	-0.466950	7.294162	2.762629	3.293968	1.636572	87.873649	1.805204	13459.000000
362	88.630731	89.655804	-1.025073	9.082981	4.151711	6.049869	2.059118	100.000000	10.580000	13459.000000
363	88.527942	89.409532	-0.881590	9.827768	4.197771	6.445716	1.063227	62.000000	19.935451	13459.000000
364	88.338503	89.128199	-0.789696	7.625916	4.996298	6.846181	2.637811	73.117901	25.014939	13459.000000
365	88.098826	88.615324	-0.516498	9.889414	3.900308	4.767566	0.000000	70.000000	25.732604	13459.000000
366	88.101828	88.849695	-0.747867	15.479553	4.232330	7.915437	0.000000	68.000000	25.164742	13459.000000
367	88.372562	88.735504	-0.362942	12.954279	3.205963	6.166988	0.000000	83.205615	16.540340	13459.000000
368	88.407344	89.101353	-0.694009	5.953705	5.079926	3.462797	1.515182	98.958640	14.900000	13459.000000
369	88.365889	88.580160	-0.214271	3.994801	4.136868	1.895198	0.103999	94.781757	17.420000	13459.000000
370	88.363369	88.581403	-0.218034	6.000750	1.308938	6.270794	4.807417	97.349145	15.260000	13459.000000
371	88.693754	89.098160	-0.404406	2.055314	1.080156	0.491920	3.051559	99.390852	15.620000	13459.000000
372	89.215309	89.156898	0.058412	1.483915	1.201936	1.147088	4.890232	97.904131	12.020000	13459.000000
373	88.300586	87.830386	0.470200	2.498801	3.554600	3.702468	4.492489	99.645041	50.720000	13459.000000
374	89.371863	89.601645	-0.229782	4.508626	1.291393	3.274689	4.113107	79.089634	7.638439	13459.000000
375	89.074450	89.476622	-0.402172	4.201723	1.468509	1.983200	4.831508	94.758681	9.140000	13459.000000
376	88.951607	89.402239	-0.450632	1.499661	1.637856	0.302374	2.404872	99.476465	7.700000	13459.000000
377	89.485047	90.344508	-0.859461	2.648051	3.992661	2.523210	4.192262	94.908185	0.500000	13459.000000
378	88.152149	88.225410	-0.073261	4.602020	1.839321	5.672482	5.687083	100.000000	22.820000	13459.000000
379	89.944361	89.962954	-0.018593	3.686866	2.291922	4.607589	5.457174	89.719720	-0.220000	13459.000000
380	90.197923	90.375047	-0.177124	7.214991	2.039344	5.286555	3.532416	75.302365	-3.885792	13459.000000
381	88.240924	88.440583	-0.199659	2.518430	1.574676	3.708661	5.579086	99.579005	18.500000	13459.000000
382	90.079634	90.231560	-0.151925	3.683259	2.465163	4.046977	4.569381	98.444257	-2.740000	13459.000000
383	90.309837	90.209398	0.100439	7.846970	3.130132	7.810492	6.361742	74.937528	-2.250916	13459.000000
384	89.729232	89.756751	-0.027520	6.100621	2.907088	6.800860	6.674727	82.000000	2.300000	13459.000000
385	90.394088	90.529720	-0.135632	7.674976	3.359627	6.471109	4.822335	75.000000	-5.589755	13459.000000
386	89.986870	90.458253	-0.471383	5.125707	4.164052	3.657561	3.842680	78.758657	-0.580000	13459.000000
387	90.345264	90.480104	-0.134840	3.645450	1.293124	1.966535	4.697762	87.020920	-6.855378	13459.000000
388	90.126683	90.479701	-0.353019	1.036841	2.073611	1.541451	4.339643	97.225488	-4.388823	13459.000000
389	89.732674	89.955218	-0.222544	2.014178	0.968458	2.509971	4.066844	98.720721	-2.020000	13459.000000
390	89.281667	90.264641	-0.982974	3.444931	2.916261	3.133290	2.870179	98.190944	-0.220000	13459.000000
391	89.493372	89.853281	-0.359909	4.230244	2.367106	6.178125	5.450058	88.421988	-0.940000	13459.000000
392	89.049020	89.873900	-0.824881	2.633005	2.199055	2.842409	3.178115	86.146675	5.769072	13459.000000
393	89.205860	89.905401	-0.699541	1.138540	5.186385	1.196661	2.748697	96.380160	1.855854	13459.000000
394	89.522279	89.847466	-0.325187	0.613746	2.635237	2.176741	5.709208	98.961894	2.660000	13459.000000
395	90.210578	89.916480	0.294098	1.560635	2.538742	3.324695	8.280225	88.453634	0.500000	13459.000000
396	89.678568	90.232274	-0.553706	0.444449	2.928141	1.313202	4.854819	68.471471	1.185776	13459.000000
397	90.518922	90.456308	0.062615	1.920388	3.188171	5.455652	8.194303	82.879153	-10.660000	13459.000000
398	90.243022	90.413420	-0.170398	9.206858	0.911132	3.775146	3.028379	95.929015	-11.276647	13459.000000
399	89.769029	90.284983	-0.515954	1.028790	1.961164	2.994088	4.749564	95.000000	-4.900000	13459.000000
400	90.329496	90.128188	0.201308	0.659818	2.211735	1.457294	6.333692	86.896806	-2.418768	13459.000000
401	89.430467	89.344765	0.085702	0.522287	1.438598	0.508822	3.680696	87.457974	10.440575	13459.000000
402	89.245268	89.308112	-0.062844	0.000000	4.624653	0.805044	3.861345	83.677932	10.348620	13459.000000
403	88.185073	88.648245	-0.463173	0.645793	3.479828	0.759237	1.052270	76.000000	23.810413	13459.000000
404	87.747664	87.887964	-0.140300	1.227553	0.235489	0.959039	3.686236	100.000000	37.725513	13459.000000
405	87.599462	87.868796	-0.269335	0.141155	0.442317	0.000000	1.752023	100.000000	32.202426	13459.000000
406	88.286912	88.319004	-0.032092	0.367700	1.489163	1.376230	4.524571	98.938224	27.072064	13459.000000
407	88.927608	88.952817	-0.025209	1.160332	2.106229	3.088548	8.330330	100.000000	12.380000	13459.000000
408	88.767048	89.006245	-0.239197	0.000000	3.949717	0.000000	3.931231	98.166649	9.860000	13459.000000
409	89.113088	89.080012	0.033077	0.000000	1.455637	0.669152	4.172737	96.664623	8.674742	13459.000000
410	89.587650	89.747654	-0.160004	0.848707	1.671770	1.073988	5.431099	99.975097	1.441392	13459.000000
411	90.448752	90.533900	-0.085149	2.056249	2.091366	0.003881	5.234610	90.770841	-7.780000	13459.000000
412	90.337624	90.386950	-0.049326	1.113099	3.538039	0.000000	3.942829	93.799533	-8.451228	13459.000000
413	89.336134	90.098614	-0.762480	1.601701	2.998233	2.285622	4.496770	96.000000	3.020000	13459.000000
414	89.159693	89.173200	-0.013507	0.000000	2.672592	2.130654	5.754138	99.201615	10.344814	13459.000000
415	89.035066	88.970322	0.064744	0.000000	2.839987	2.840246	7.099831	98.827284	11.935523	13459.000000
416	89.173052	89.040976	0.132077	0.032117	3.235158	4.097405	9.215532	96.906394	9.140000	13459.000000
417	89.758166	89.671067	0.087100	2.577744	2.280475	1.031255	9.099289	97.171332	3.438878	13459.000000
418	90.248244	90.044206	0.204038	1.061613	2.147448	0.000000	7.754486	86.027027	-2.945174	13459.000000
419	88.752896	89.432413	-0.679517	0.560048	4.235349	3.760673	3.979059	84.000000	13.349996	13459.000000
420	88.412551	88.068392	0.344159	0.000000	3.957052	3.044462	3.362743	84.195344	38.322840	13459.000000
421	88.544602	88.086281	0.458321	0.333134	2.494715	0.317140	4.596719	83.000000	37.751807	13459.000000
422	88.189201	88.037965	0.151235	0.772579	2.292424	0.062203	2.296146	100.000000	31.065130	13459.000000
423	88.563154	88.577889	-0.014734	0.856459	2.996326	3.385677	6.803406	100.000000	23.144205	13459.000000
424	88.911169	88.908684	0.002485	1.651594	3.036741	4.424982	9.719531	97.462465	13.100000	13459.000000
425	90.002851	89.633356	0.369494	2.152251	2.247627	0.761232	9.698137	96.198198	2.300000	13459.000000
426	90.655731	90.401984	0.253747	2.523216	2.992071	1.543539	11.013924	94.723818	-5.620000	13459.000000
427	90.779264	90.474997	0.304267	1.873076	2.911634	1.415794	10.752837	94.046547	-7.430434	13459.000000
428	90.351167	90.678393	-0.327226	3.019518	3.284903	1.260105	9.187450	89.000000	-5.644556	13459.000000
429	90.010964	89.326497	0.684467	0.728563	2.617713	1.322772	6.895844	79.954724	11.223158	13459.000000
430	89.590393	89.777907	-0.187514	1.691982	3.547107	0.000000	5.858541	99.506288	2.382039	13459.000000
431	88.842857	89.267196	-0.424339	0.044724	5.847933	2.901831	4.106989	86.152236	13.403163	13459.000000
432	88.616199	88.600884	0.015315	0.000000	2.150162	0.744467	4.395321	85.300737	23.721103	13459.000000
433	88.477781	88.213448	0.264332	0.000000	2.562654	3.499831	6.338783	95.881713	28.701622	13459.000000
434	88.268770	88.250670	0.018100	0.000000	3.067353	3.587372	6.468491	91.425092	27.860000	13459.000000
435	88.191239	88.804653	-0.613415	2.143201	3.265509	1.025286	3.124869	79.000000	30.690684	13459.000000
436	88.150378	88.820679	-0.670301	0.913471	2.470180	0.883587	3.034633	92.000000	26.617450	13459.000000
437	88.165673	88.456555	-0.290882	1.222096	2.404021	0.000000	1.921809	96.539945	18.140000	13459.000000
438	88.516069	88.821821	-0.305752	1.778139	2.272005	0.000000	2.893218	98.636775	12.888378	13459.000000
439	88.534664	88.701588	-0.166924	2.211960	2.411166	0.000000	2.891229	98.218226	12.934424	13459.000000
440	88.409457	88.673037	-0.263579	0.826270	2.884240	0.000000	2.582693	85.000000	15.592413	13459.000000
441	88.446935	88.472112	-0.025177	0.277771	2.496129	2.210440	4.999415	89.000000	28.770138	13459.000000
442	88.732037	88.865899	-0.133862	2.001964	2.920770	1.636757	8.389688	98.372400	23.540000	13459.000000
443	88.980691	88.844050	0.136642	1.459839	3.481851	2.839262	9.072744	97.543720	23.739591	13459.000000
444	88.851966	89.508058	-0.656092	2.561759	5.152474	2.188794	6.828494	84.941723	22.482823	13459.000000
445	88.920754	88.961878	-0.041124	1.374732	3.205160	4.105312	9.371594	99.516749	13.820000	13459.000000
446	88.819581	88.770474	0.049107	0.000000	2.383963	2.170613	6.820552	99.335428	13.820000	13459.000000
447	88.835709	88.866977	-0.031268	0.538309	2.349941	1.347646	7.452288	94.502314	14.642082	13459.000000
448	88.799497	89.148593	-0.349095	1.506459	2.955668	2.201945	9.019954	100.000000	13.460000	13459.000000
449	88.950898	89.016726	-0.065829	2.644290	2.259485	0.049622	7.210536	98.049530	15.620000	13459.000000
450	88.442859	88.400468	0.042391	2.398528	5.169718	0.161966	4.721518	98.977297	19.473876	13459.000000
451	88.388175	88.910310	-0.522135	0.911358	5.333850	2.807505	5.298067	93.906943	24.277619	13459.000000
452	88.271703	88.849687	-0.577984	0.300168	4.510592	2.990948	4.837656	91.048649	22.721112	13459.000000
453	88.054976	88.328176	-0.273200	0.164238	3.086944	3.645214	5.981497	88.631298	28.220000	13459.000000
454	88.274651	88.406733	-0.132082	0.349024	2.629097	1.646177	6.144502	92.985878	29.503579	13459.000000
455	88.268010	88.336669	-0.068660	0.334157	1.944407	1.050940	5.966565	99.698378	24.444295	13459.000000
456	88.274358	88.357535	-0.083177	0.227742	2.188119	0.364349	4.664355	98.395962	28.002155	13459.000000
457	88.404656	88.383763	0.020894	0.376177	2.030221	1.168369	5.763550	99.719287	26.060000	13459.000000
458	88.797034	88.428935	0.368099	1.218086	2.839355	4.555078	10.397663	95.000000	22.820000	13459.000000
459	89.059408	89.185496	-0.126088	1.040303	3.447382	2.280391	7.846588	99.027321	16.700000	13459.000000
460	88.669535	88.710569	-0.041035	0.081339	3.795214	3.229471	6.898669	99.025950	22.379408	13459.000000
461	87.999665	87.995900	0.003765	0.000000	2.172945	3.234576	5.565956	96.984307	33.440000	13459.000000
462	89.266893	89.037019	0.229874	1.935893	3.429866	3.870301	11.068314	94.926221	15.980000	13459.000000
463	89.078907	88.869979	0.208928	0.267543	3.484307	3.730800	8.847331	97.000000	15.980000	13459.000000
464	88.988974	88.556805	0.432170	0.265113	3.400662	4.290382	8.784484	89.208288	20.660000	13459.000000
465	89.329595	89.221073	0.108522	1.487347	3.413942	1.396479	8.887998	89.227345	15.620000	13459.000000
466	89.320520	88.815842	0.504678	0.769093	3.831060	3.917368	9.985544	98.584034	18.140000	13459.000000
467	89.406030	88.892726	0.513304	1.234259	2.454996	3.479595	9.480775	97.891225	12.740000	13459.000000
468	89.677535	89.376037	0.301498	3.018884	2.596815	1.849229	9.416795	91.193959	10.940000	13459.000000
469	89.438652	89.059917	0.378735	0.549943	4.331580	3.088601	8.455252	97.340180	17.420000	13459.000000
470	89.358071	89.051975	0.306096	1.161231	2.983580	2.639089	8.589681	99.765382	14.180000	13459.000000
471	89.097751	88.804481	0.293271	0.625430	2.344570	1.737896	7.844299	96.984183	17.060000	13459.000000
472	89.033960	88.919663	0.114296	0.414517	3.529841	0.612879	7.038840	98.240581	17.780000	13459.000000
473	88.731032	88.858567	-0.127536	1.390771	3.173902	0.000000	5.836304	96.691288	19.940000	13459.000000
474	88.716048	89.095638	-0.379590	1.187401	4.223153	3.680496	7.935842	100.000000	21.020000	13459.000000
475	88.313396	89.244106	-0.930710	1.920164	3.213053	1.079379	5.227333	98.741826	23.180000	13459.000000
476	87.922841	88.238840	-0.315999	2.285981	1.483169	1.172470	5.232808	91.000000	36.464389	13459.000000
477	87.885640	88.137090	-0.251450	1.842093	2.997743	2.492247	4.504540	97.095679	42.739979	13459.000000
478	88.368457	88.474767	-0.106310	0.361989	2.477284	2.361291	5.614276	99.214999	26.462523	13459.000000
479	88.473653	88.424894	0.048759	1.401096	4.023625	0.000000	6.294032	91.000000	30.020000	13459.000000
480	88.132860	88.305173	-0.172313	0.106314	3.792247	0.888370	4.688549	82.984578	35.875094	13459.000000
481	87.941145	87.943758	-0.002613	1.819013	3.768768	1.454406	3.975759	98.688575	49.026016	13459.000000
482	88.212998	88.300136	-0.087138	0.000000	2.413911	3.461581	6.490600	96.979152	26.420000	13459.000000
483	88.523689	89.140176	-0.616487	2.817397	6.841843	4.030223	9.050009	97.860020	30.740000	13459.000000
484	88.520208	88.542686	-0.022478	0.820802	2.843603	1.397802	6.784455	99.164093	27.860000	13459.000000
485	88.516638	88.884450	-0.367812	0.914167	4.397876	1.470428	7.545177	75.000000	31.460000	13459.000000
486	88.389553	88.344824	0.044729	0.525324	2.810556	1.581180	5.104640	65.146033	40.823723	13459.000000
487	88.220229	88.434737	-0.214508	0.912162	3.898054	3.930735	6.360439	97.769475	33.644654	13459.000000
488	88.460406	88.230500	0.229907	0.000000	2.678352	3.252182	7.074877	100.000000	27.860000	13459.000000
489	88.318397	88.472185	-0.153788	1.032528	3.169767	0.294134	5.451195	84.000000	32.000000	13459.000000
490	88.352107	88.226223	0.125884	0.444710	2.855023	3.897457	7.885776	100.000000	29.660000	13459.000000
491	88.512545	88.586778	-0.074233	0.979494	3.121855	2.448014	7.463461	94.797297	28.220000	13459.000000
492	87.738989	88.152288	-0.413299	0.000000	6.390371	2.252568	6.034661	99.017872	32.360000	13459.000000
493	87.389103	87.799426	-0.410323	0.425721	2.280777	3.688658	5.236314	97.689900	36.320000	13459.000000
494	87.993482	88.105139	-0.111658	0.000000	2.595733	3.788262	8.633674	100.000000	35.240000	13459.000000
495	88.273794	88.232134	0.041660	0.755394	3.330148	2.831010	9.891440	99.949781	33.440000	13459.000000
496	88.261422	88.402200	-0.140778	1.961868	2.411577	0.554162	7.871499	88.482834	32.720000	13459.000000
497	88.321670	88.596806	-0.275135	1.887472	2.704896	1.281190	8.291198	98.523128	28.580000	13459.000000
498	87.451171	88.205402	-0.754231	0.000000	5.247888	1.505654	3.160939	92.522858	32.720000	13459.000000
499	87.219400	87.769569	-0.550169	0.186023	1.666907	3.630753	4.755087	99.000000	36.109157	13459.000000
500	86.991852	87.238686	-0.246834	0.618009	1.511414	3.777767	4.266919	88.000321	46.617394	13459.000000
501	87.387862	87.722411	-0.334549	0.826499	1.599732	1.652657	4.639410	73.695759	61.691834	13459.000000
502	87.905183	88.021469	-0.116286	0.000000	2.669340	3.658576	8.127245	100.000000	36.680000	13459.000000
503	87.892503	88.127000	-0.234497	0.475823	2.387014	1.544580	6.168513	97.922721	33.800000	13459.000000
504	87.536861	88.142505	-0.605644	0.000000	2.623613	0.612069	3.713033	93.763198	33.800000	13459.000000
505	87.790670	88.054708	-0.264039	0.100966	2.450424	0.702118	2.886172	84.176094	38.706437	13459.000000
506	87.679532	87.812389	-0.132857	0.000000	3.910438	0.484839	3.230681	94.923986	41.279670	13459.000000
507	87.290639	87.714158	-0.423519	1.096969	2.824668	0.000000	2.732896	100.000000	39.230838	13459.000000
508	87.997388	88.488648	-0.491260	1.430121	2.970134	1.008036	7.336502	99.154714	34.502598	13459.000000
509	87.781781	87.963353	-0.181572	0.000000	2.120032	1.883104	5.841832	97.344761	38.070039	13459.000000
510	87.619846	87.927250	-0.307403	0.000000	1.552784	0.720424	4.472848	100.000000	35.697109	13459.000000
511	87.490124	87.910928	-0.420804	0.000000	2.027605	0.498548	3.269203	88.697159	39.619901	13459.000000
512	87.464669	87.989392	-0.524723	0.273127	2.405597	2.973748	4.613310	94.629876	39.119185	13459.000000
513	87.306418	87.743289	-0.436871	0.122487	2.215311	3.079860	3.688672	97.473553	42.265051	13459.000000
514	87.395653	87.824480	-0.428826	0.000000	3.565742	3.756274	4.129514	89.262828	42.886566	13459.000000
515	87.237359	87.753618	-0.516259	1.098204	2.964580	2.794820	4.108361	90.432432	54.320000	13459.000000
516	87.721553	87.948063	-0.226510	0.117069	3.112670	4.244632	5.756353	94.735024	34.755851	13459.000000
517	87.784462	88.071569	-0.287107	0.000000	3.225068	3.563421	6.211488	88.729264	39.200000	13459.000000
518	87.922494	88.076292	-0.153798	0.000000	2.333277	3.763196	7.095553	99.275480	33.800000	13459.000000
519	88.029720	88.110416	-0.080695	0.627433	2.066264	2.596015	5.693351	98.940087	36.862942	13459.000000
520	88.151837	88.201433	-0.049596	0.662161	1.488312	2.191215	6.821471	98.000000	33.440000	13459.000000
521	87.610415	87.877069	-0.266654	0.000000	1.711854	0.232922	2.407397	97.825972	37.919004	13459.000000
522	87.823213	87.895215	-0.072002	0.822422	3.660052	4.142367	7.799047	98.764324	43.375083	13459.000000
523	88.118591	88.005091	0.113499	0.309628	3.447232	4.567532	9.145385	99.920279	35.960000	13459.000000
524	87.425938	87.719406	-0.293468	0.074586	2.529727	0.000000	2.450480	85.000000	45.680000	13459.000000
525	87.862556	87.871727	-0.009172	0.463596	3.948718	0.354971	5.317032	100.000000	41.543614	13459.000000
526	87.892623	88.186795	-0.294172	1.293962	2.426549	0.195688	4.762987	95.000000	37.760000	13459.000000
527	87.334484	87.608455	-0.273971	0.000000	2.815234	3.516818	4.287052	95.600601	44.528682	13459.000000
528	87.458648	87.845737	-0.387089	0.000000	3.590003	3.553428	5.269501	99.392614	43.214979	13459.000000
529	87.619585	88.027307	-0.407722	0.887336	1.891294	0.009698	4.092314	99.907994	35.600000	13459.000000
530	87.912170	88.166302	-0.254132	0.934605	2.810450	0.149460	5.962734	98.695247	36.845911	13459.000000
531	87.545248	87.836879	-0.291631	0.163838	3.070017	0.752172	3.002953	75.719226	48.710659	13459.000000
532	88.081836	88.150330	-0.068494	1.664681	2.524207	0.000000	5.901349	99.675676	40.047439	13459.000000
533	87.678448	87.898651	-0.220203	1.017425	2.646882	0.000000	3.096010	99.251085	37.679451	13459.000000
534	87.163252	87.849989	-0.686737	1.080915	4.407786	4.287457	4.513538	97.783784	47.521978	13459.000000
535	87.808406	88.207579	-0.399173	2.073812	2.753851	1.950498	5.102152	98.176731	44.449360	13459.000000
536	87.368590	87.697809	-0.329219	0.000000	2.582065	0.000000	2.657167	100.000000	44.152329	13459.000000
537	87.053637	87.634382	-0.580745	1.206022	1.769875	2.738318	3.700518	100.000000	46.275711	13459.000000
538	87.714643	87.582818	0.131825	1.646037	1.444026	0.000000	1.921501	99.205294	44.727807	13459.000000
539	87.091752	87.432004	-0.340252	0.000000	1.870751	3.282692	3.864983	98.132689	58.483763	13459.000000
540	87.147074	87.708761	-0.561687	0.000000	1.117995	1.636553	3.850604	99.870871	48.952499	13459.000000
541	87.389967	87.542111	-0.152144	0.000000	1.935480	4.507363	6.572555	100.000000	41.720000	13459.000000
542	87.550438	87.731396	-0.180958	1.644574	4.182356	0.000000	3.674357	95.437663	43.167076	13459.000000
543	87.749146	87.555558	0.193588	1.721431	0.744825	0.383750	2.187016	74.961175	53.537099	13459.000000
544	87.757368	87.878869	-0.121501	1.337503	0.000000	0.855556	5.088126	100.000000	40.280000	13459.000000
545	87.599911	87.971817	-0.371906	0.873804	1.556068	0.398497	3.127161	99.000000	43.643023	13459.000000
546	87.688399	87.789948	-0.101549	0.454445	0.760147	1.029387	3.763205	100.000000	42.017879	13459.000000
547	87.751734	87.630434	0.121299	0.000000	2.680885	4.078652	6.627339	99.892242	46.178009	13459.000000
548	87.786798	87.926270	-0.139473	0.000000	1.751487	2.529252	5.860571	98.906298	37.040000	13459.000000
549	87.856806	87.966802	-0.109996	0.136889	2.092005	3.569003	7.312170	100.000000	39.560000	13459.000000
550	87.815069	87.904536	-0.089467	0.000000	2.520502	4.143080	7.140286	100.000000	37.760000	13459.000000
551	88.085206	88.092640	-0.007434	0.786671	1.715935	1.081129	6.370351	97.410466	35.960000	13459.000000
552	87.705286	87.856491	-0.151205	1.407316	1.059306	0.000000	4.025579	86.561692	40.280000	13459.000000
553	87.001982	87.793027	-0.791045	1.160765	2.290239	3.221924	4.943475	99.705928	46.988313	13459.000000
554	87.408226	87.825670	-0.417444	1.433871	1.449540	1.162206	3.220335	85.670317	52.329223	13459.000000
555	87.432317	87.768388	-0.336071	0.742381	0.398225	0.974008	3.091694	99.425013	45.674805	13459.000000
556	87.473129	87.607654	-0.134525	0.016453	1.300917	3.826543	5.973473	100.000000	39.920000	13459.000000
557	87.660466	87.839646	-0.179180	0.000000	2.352111	3.964598	6.375525	100.000000	40.748874	13459.000000
558	87.690263	87.575791	0.114472	0.784560	1.412618	2.923310	4.940363	99.995986	55.443239	13459.000000
559	87.495422	87.670418	-0.174996	0.064054	1.424355	1.486240	3.220607	94.007610	47.996663	13459.000000
560	87.537351	87.512288	0.025063	1.707198	0.642635	0.000000	2.494649	94.141238	51.440000	13459.000000
561	86.789998	87.510641	-0.720642	0.955328	3.095440	4.337221	3.338677	97.529656	47.696216	13459.000000
562	87.188795	87.052347	0.136448	0.000000	1.395786	4.578301	5.423569	100.000000	51.110579	13459.000000
563	87.413583	87.924991	-0.511408	0.535900	1.129487	0.433553	5.249581	100.000000	39.920000	13459.000000
564	87.086489	87.831997	-0.745509	0.736764	0.884643	0.221072	3.026655	98.752534	39.920000	13459.000000
565	86.875793	87.502426	-0.626633	1.678172	3.257968	3.363053	3.937274	95.523888	55.350603	13459.000000
566	87.156188	87.524043	-0.367855	0.619643	2.936603	4.095893	4.415839	91.729644	50.360000	13459.000000
567	87.644870	87.756707	-0.111837	2.561297	1.441248	1.358993	4.942677	90.732909	50.423340	13459.000000
568	87.047086	87.663738	-0.616652	0.936148	1.824315	2.636278	3.727761	87.253245	50.301287	13459.000000
569	87.215647	87.633814	-0.418167	0.064662	1.780378	2.620769	3.796969	94.868919	50.411340	13459.000000
570	87.649836	87.653184	-0.003348	0.773540	1.004371	2.955019	5.292986	96.656311	44.271652	13459.000000
571	87.751033	87.876131	-0.125098	0.448420	1.198411	2.460734	5.520214	99.828423	40.301331	13459.000000
572	87.757944	87.865143	-0.107199	0.000000	1.869157	3.404784	6.098440	99.000000	41.000000	13459.000000
573	87.877259	87.572205	0.305054	0.517734	1.691738	2.817133	4.448936	95.964599	46.669595	13459.000000
574	87.736749	87.771503	-0.034754	0.160448	1.569609	2.128505	5.070663	98.513179	45.571144	13459.000000
575	87.804629	87.739000	0.065629	0.909862	0.489866	1.160067	3.457663	77.000000	48.193990	13459.000000
576	87.708413	87.873258	-0.164845	0.000000	1.504771	1.219894	4.181019	98.282644	39.560000	13459.000000
577	88.045109	87.915648	0.129461	0.793122	1.117181	1.033431	4.578003	90.733458	41.720000	13459.000000
578	87.808038	87.940799	-0.132761	0.525613	1.253111	1.209027	3.247845	83.898314	42.397403	13459.000000
579	86.982002	87.562455	-0.580453	0.303482	4.793857	1.815396	1.370662	81.745333	51.303730	13459.000000
580	87.187964	87.544144	-0.356180	0.000000	1.721102	3.967824	5.384764	99.218297	42.800000	13459.000000
581	87.653372	87.720617	-0.067245	1.809624	1.440135	0.065017	2.172889	99.140651	40.034168	13459.000000
582	87.791537	88.240991	-0.449454	1.351485	1.599132	1.257495	3.387792	95.722908	38.840000	13459.000000
583	87.776290	87.682181	0.094110	0.066280	2.619028	4.178746	5.519015	93.871146	38.840000	13459.000000
584	87.794063	87.969462	-0.175399	0.230122	3.787202	3.852653	5.779508	93.227148	38.480000	13459.000000
585	87.681076	87.697304	-0.016228	0.000000	1.580771	3.886707	5.872456	99.000000	38.480000	13459.000000
586	87.975813	87.891833	0.083980	0.000000	2.653556	3.845338	6.834790	98.000000	36.680000	13459.000000
587	88.023510	88.203306	-0.179796	1.840240	1.110155	1.101495	4.200615	87.000000	37.040000	13459.000000
588	87.452633	87.804147	-0.351513	0.643612	2.930175	3.857964	4.874940	97.000000	42.448173	13459.000000
589	87.595495	87.759099	-0.163604	0.000000	1.725512	3.800276	5.707116	100.000000	37.760000	13459.000000
590	87.804899	87.898184	-0.093285	1.851201	1.492558	0.000000	3.071148	87.000000	38.480000	13459.000000
591	87.542731	87.964157	-0.421426	0.875008	1.526831	0.237460	2.304882	84.000000	40.475373	13459.000000
592	87.401853	87.618765	-0.216912	0.499230	2.977219	3.908370	5.489675	94.633098	48.831149	13459.000000
593	87.930265	87.960451	-0.030186	1.232363	1.377522	1.173236	4.367488	100.000000	41.920772	13459.000000
594	87.940685	87.999358	-0.058673	0.774065	3.213439	3.589324	5.523306	100.000000	38.729655	13459.000000
595	87.916700	87.901479	0.015222	0.028756	1.373599	3.539225	5.880262	97.818731	36.320000	13459.000000
596	88.102148	87.865753	0.236395	0.187787	0.969105	1.254045	5.148719	99.670184	37.400000	13459.000000
597	88.133436	88.261588	-0.128151	1.552702	2.383450	1.772648	5.361331	99.826927	40.410418	13459.000000
598	88.034064	88.174069	-0.140005	1.035579	1.800457	0.446034	4.606508	100.000000	35.423335	13459.000000
599	87.778204	88.192585	-0.414382	0.000000	2.096799	1.035422	3.295326	89.860770	36.264446	13459.000000
600	87.870331	87.989380	-0.119049	0.000000	1.415386	2.032799	4.851732	96.670853	35.240000	13459.000000
