2455	88.113167	89.496580	-1.383413	7.674334	33.529957	5.920567	29.220829	12401.000000
894	89.097703	89.194008	-0.096305	2.677017	27.780867	2.205950	28.125046	12401.000000
2035	88.398886	87.928648	0.470237	1.290677	8.782611	0.845961	14.414769	13150.000000
1866	87.242770	87.327593	-0.084823	6.766035	22.601770	4.631980	30.908138	13150.000000
954	87.715400	89.688960	-1.973560	8.239903	40.296696	7.146246	37.910576	12401.000000
2626	89.203739	89.001081	0.202658	3.890400	12.419989	2.747969	30.650154	12401.000000
2918	86.651115	86.959681	-0.308565	1.785285	18.608179	6.704741	15.430781	13183.000000
1163	87.894300	87.881727	0.012574	4.804882	13.432703	1.714447	27.085470	13183.000000
755	87.275188	87.443145	-0.167956	6.252256	31.611813	10.291612	47.530460	13187.000000
2675	87.573506	87.756589	-0.183083	2.639152	14.399536	0.526487	12.565091	13183.000000
1588	87.769081	88.240886	-0.471805	4.281382	18.795305	2.786192	29.164818	12772.000000
505	88.341909	88.087020	0.254888	4.995697	10.617784	4.050952	31.825623	13150.000000
2671	88.126404	88.002226	0.124179	3.202657	24.615282	2.384107	34.212673	13183.000000
786	87.240769	87.218477	0.022292	5.870997	31.222500	8.347421	36.642979	13187.000000
2399	88.856434	89.212625	-0.356191	3.410755	19.980803	0.662656	23.426432	12401.000000
2043	87.945619	87.908154	0.037466	3.020330	18.391821	1.429826	21.130041	13150.000000
1758	88.757332	89.620484	-0.863152	5.607460	4.620703	0.074290	10.902950	13150.000000
1804	88.407775	87.781751	0.626024	1.722529	12.472136	1.464007	19.877598	13150.000000
777	87.094774	87.029333	0.065442	4.483379	21.265945	7.550129	16.980261	13187.000000
55	88.822182	88.704952	0.117230	3.816872	10.193688	2.120816	28.484262	12772.000000
1175	87.577553	87.108850	0.468703	0.000000	13.010654	3.066341	8.650160	13183.000000
1108	88.270386	88.475015	-0.204629	2.846291	23.956282	4.439548	18.571438	12401.000000
868	88.495271	88.991192	-0.495920	1.347965	16.440367	0.000000	9.160293	12401.000000
1002	88.465404	88.289917	0.175486	8.240175	28.017801	6.624969	34.082619	12401.000000
2955	87.465019	87.248189	0.216831	2.128698	12.154418	2.822002	14.712248	13183.000000
1336	86.722883	87.032492	-0.309609	6.683226	17.913134	7.191704	14.145135	13183.000000
2950	87.811600	87.812576	-0.000975	5.139244	21.235916	2.474878	30.659067	13183.000000
150	88.027695	88.030676	-0.002981	4.447634	0.265223	5.458333	3.063073	12772.000000
2042	87.666117	87.812373	-0.146255	2.825310	16.415037	1.374595	17.652723	13150.000000
1832	87.564154	88.494284	-0.930130	6.204326	27.274540	3.321030	27.457956	13150.000000
698	86.609225	86.734132	-0.124907	7.729043	27.776852	7.699453	30.302692	13187.000000
2573	88.148940	88.161988	-0.013048	0.825731	12.384502	4.356633	7.403083	12401.000000
1509	88.774756	88.685902	0.088854	0.619959	8.305964	1.714768	18.289860	12772.000000
2627	89.417258	89.375655	0.041603	5.715682	15.435656	0.000000	31.148476	12401.000000
361	87.809174	88.016276	-0.207102	6.285217	21.027554	2.363427	33.993095	13150.000000
2348	88.477770	88.398362	0.079408	3.725171	8.038508	1.020864	0.468267	12401.000000
1134	88.913908	89.000716	-0.086808	4.191663	22.332146	2.696421	30.587688	12401.000000
54	88.577006	88.762226	-0.185220	3.789745	2.249813	2.888609	12.826349	12772.000000
859	89.043020	89.018543	0.024477	0.230071	21.239847	0.900701	17.015854	12401.000000
545	88.311197	88.506478	-0.195282	0.000000	3.605529	1.826229	16.701466	13150.000000
880	89.055607	89.457294	-0.401687	6.421570	20.167522	0.901632	34.969959	12401.000000
1633	87.451759	88.076465	-0.624706	4.089824	26.839388	5.461375	27.765526	12772.000000
1495	88.887912	88.433397	0.454515	6.190044	10.175880	2.528785	21.942429	12772.000000
618	87.186247	87.667541	-0.481294	4.120070	26.873425	4.491834	27.668287	13187.000000
1468	88.756962	88.763225	-0.006264	0.000000	6.362764	4.139267	22.643314	12772.000000
1896	86.911003	87.041817	-0.130814	6.238956	18.369070	7.812240	14.629656	13150.000000
773	86.909218	87.065576	-0.156359	5.688756	23.336699	5.013638	26.164495	13187.000000
2411	89.013287	89.449246	-0.435959	2.101152	4.506989	4.115977	25.274370	12401.000000
1281	86.986445	87.482177	-0.495732	11.438539	31.151253	6.604411	35.811138	13183.000000
2190	86.651017	87.090033	-0.439016	10.549458	30.769730	7.496543	35.573101	13187.000000
469	87.249991	87.153748	0.096242	6.952952	32.010765	9.528280	40.058029	13150.000000
521	87.326925	87.137606	0.189319	2.828809	7.806213	2.915893	6.381008	13150.000000
1341	87.120904	87.201124	-0.080221	11.446799	27.456617	8.135858	39.883041	13183.000000
2052	87.579479	87.517658	0.061822	5.281787	6.655820	1.282286	4.952562	13150.000000
176	88.468430	88.963977	-0.495546	0.102772	10.421596	0.686678	9.702802	12772.000000
788	87.137033	87.247604	-0.110571	4.522234	0.000000	7.651004	0.000000	13187.000000
824	89.787014	89.539897	0.247117	3.353799	10.739751	0.533875	34.908840	12401.000000
1954	87.138016	87.098057	0.039960	6.761314	12.106998	6.323658	14.258142	13150.000000
772	87.096493	87.385440	-0.288946	5.553564	28.853056	6.608979	34.503841	13187.000000
1298	87.204795	87.149850	0.054945	11.128950	36.004158	10.370488	48.501129	13183.000000
1136	89.617177	90.042053	-0.424875	8.765999	6.411863	0.930109	23.382032	12401.000000
1414	87.745366	87.492336	0.253031	3.228659	17.643665	2.580947	24.775249	13183.000000
789	87.355365	87.484944	-0.129579	5.095654	0.321961	3.124012	0.378602	13187.000000
1891	87.339900	87.182675	0.157225	4.811157	27.707016	8.933115	33.887894	13150.000000
2295	87.358406	87.258214	0.100193	3.734520	21.662680	4.509019	27.414005	13187.000000
1631	87.844166	88.299036	-0.454870	6.785642	19.470207	3.283317	31.325277	12772.000000
317	87.319679	87.175953	0.143726	2.463866	22.689047	5.789986	24.059441	13150.000000
1370	86.712142	86.827503	-0.115361	8.568510	22.345892	6.191803	26.704958	13183.000000
1693	88.659207	88.399116	0.260091	7.606106	4.424720	7.220445	24.919292	12772.000000
1179	87.365763	87.786337	-0.420574	3.631184	22.214918	2.776734	21.707474	13183.000000
2146	86.911726	86.738563	0.173164	4.976709	19.273739	6.325586	21.027813	13187.000000
1788	88.201197	87.758888	0.442309	1.468353	13.489316	1.787909	21.633854	13150.000000
1909	87.051493	87.095729	-0.044236	6.259499	19.022545	9.687000	19.382923	13150.000000
2851	87.201558	86.643592	0.557966	5.203681	24.918121	8.918589	28.934679	13183.000000
648	87.378714	87.725301	-0.346587	6.047294	31.033718	4.779606	41.544064	13187.000000
2161	86.692363	86.991183	-0.298819	3.766999	18.448402	5.495922	11.303592	13187.000000
2125	86.963061	86.964009	-0.000948	2.707588	16.904181	4.429859	18.620983	13187.000000
2305	89.113601	88.429171	0.684430	0.000000	16.736374	2.739422	11.065246	12401.000000
652	86.948478	87.367450	-0.418971	3.835814	31.425514	7.133197	31.006674	13187.000000
923	88.440199	89.357974	-0.917775	3.893750	29.962341	2.826011	29.563820	12401.000000
951	88.326728	89.927990	-1.601262	11.793868	43.058224	7.386772	44.111195	12401.000000
1868	87.026826	86.846817	0.180009	2.883683	15.053464	5.229966	12.535331	13150.000000
2619	89.124773	89.063595	0.061178	6.878899	12.474402	0.000000	15.079171	12401.000000
2510	88.073537	89.110639	-1.037102	9.438430	35.503510	7.372149	37.494244	12401.000000
2430	87.921711	89.597277	-1.675565	6.415658	35.199406	5.517224	30.834703	12401.000000
1142	88.876058	88.893629	-0.017571	0.836671	21.687841	1.502500	20.509352	12401.000000
116	87.643798	88.101474	-0.457676	6.865799	28.349302	5.372984	35.791195	12772.000000
1554	87.708195	87.984397	-0.276202	2.365549	20.920994	3.733655	21.332436	12772.000000
2355	89.078913	88.879018	0.199895	1.465554	15.195473	1.484571	24.302504	12401.000000
829	88.971065	89.715140	-0.744075	3.039001	25.871912	0.000000	25.625605	12401.000000
845	89.017975	89.200739	-0.182763	1.712679	22.105038	0.000000	30.301531	12401.000000
2769	87.379291	86.975350	0.403942	5.468100	20.322685	6.294889	29.212257	13183.000000
1744	87.845069	88.095258	-0.250189	6.452405	7.834206	4.129573	24.501331	13150.000000
2393	89.551450	89.470118	0.081333	3.814331	19.137157	0.000000	28.634344	12401.000000
1162	88.114962	88.415180	-0.300218	2.919634	7.354367	3.646124	29.651297	13183.000000
1973	86.904362	86.851194	0.053168	6.224262	16.720964	9.667203	22.772949	13150.000000
2099	87.619515	87.465761	0.153754	3.735627	30.315840	6.551955	35.041847	13187.000000
902	88.004728	88.453898	-0.449170	3.970799	21.466764	4.038153	20.332813	12401.000000
199	88.284542	88.233414	0.051129	0.000000	18.479500	2.030778	18.440321	12772.000000
1275	86.521243	87.003393	-0.482150	8.152122	28.038525	7.077483	29.977205	13183.000000
