1155	86.577366	86.722345	-0.144979	3.303623	1.943256	1.311933	4.378771	2.737892	4.105266	98.000000	-76.877563	91.040000	13490.000000
1029	86.886468	86.631873	0.254594	1.693190	1.281815	0.456726	1.138888	1.742471	1.000000	61.019414	-82.320838	66.200000	13490.000000
1442	87.160017	86.547099	0.612918	2.029411	1.572481	1.210181	2.457201	1.833261	3.000000	76.734843	-75.271904	97.880000	13187.000000
1365	87.393809	87.308741	0.085068	3.293537	2.114725	1.179907	2.618218	1.676236	1.116155	64.944840	-78.345089	80.960000	13187.000000
54	88.452318	88.264824	0.187495	1.057765	3.858553	1.386460	3.267963	2.297702	1.000000	66.733869	-60.698563	50.000000	13230.000000
130	87.124950	86.990611	0.134339	1.320343	1.954736	3.531027	3.926435	2.175842	1.000000	83.727273	-69.409010	78.080000	13230.000000
922	86.584730	86.969326	-0.384596	2.913334	1.682575	0.488920	2.518875	1.945140	0.750678	77.019078	-79.479814	66.200000	13495.000000
683	86.957193	86.581563	0.375631	2.350449	1.458051	0.687356	4.409023	2.189461	1.000000	61.000000	-82.326880	78.440000	13495.000000
662	86.914588	86.774613	0.139975	1.720314	1.459562	0.165565	1.417432	0.599916	0.174589	79.905871	-68.453272	71.240000	13495.000000
1181	86.606736	86.507170	0.099566	2.783825	1.318639	0.972118	4.454144	2.982422	3.000000	85.911575	-74.952822	91.400000	13490.000000
489	86.434527	86.452338	-0.017811	0.221048	0.744805	2.882255	2.576109	0.322849	15.078353	99.680123	-76.244697	80.960000	13487.000000
455	86.866721	86.397165	0.469556	2.411189	1.752279	1.585351	3.390774	3.415484	3.266796	84.000000	-72.289101	88.880000	13487.000000
1021	87.091121	87.020366	0.070755	5.242193	2.292369	2.120311	2.534827	2.110262	2.000000	51.582770	-80.904324	64.760000	13490.000000
638	86.564298	86.704798	-0.140500	3.409036	1.966014	1.460945	1.984966	1.594898	2.000000	79.758347	-71.476011	78.800000	13495.000000
1474	87.594988	87.268848	0.326140	3.273967	2.280305	0.000000	3.972381	2.184604	1.000000	93.613650	-77.733903	60.800000	13187.000000
507	86.433906	86.616572	-0.182666	1.119745	0.642371	2.829402	1.470806	0.445569	40.000000	98.912641	-80.637169	80.600000	13487.000000
1398	86.596785	86.909113	-0.312328	1.711843	2.175426	2.813498	2.772354	1.135033	7.901818	77.521211	-79.097635	90.320000	13187.000000
672	86.687038	86.404868	0.282170	2.249589	0.986416	1.064291	0.713486	1.006572	2.000000	35.566380	-81.557723	74.840000	13495.000000
295	87.232311	86.655996	0.576315	1.167028	2.037568	2.240278	4.385939	1.706951	1.000000	100.000000	-65.475116	69.266380	13487.000000
420	86.412273	86.068383	0.343890	2.019240	1.669215	0.000000	0.625842	1.213340	5.468982	77.321974	-76.149431	87.800000	13487.000000
163	86.856200	86.779030	0.077169	0.464330	0.918056	1.720556	3.031344	1.627770	11.000000	85.431588	-79.192484	79.880000	13230.000000
1377	87.254697	87.003948	0.250749	3.112924	1.695153	3.261242	3.012386	3.160520	2.000000	27.689522	-72.530225	86.360000	13187.000000
641	86.674433	86.715837	-0.041404	3.109633	1.387450	1.103292	2.364145	1.574300	1.050728	87.367202	-72.507278	77.720000	13495.000000
565	86.858530	86.846473	0.012057	4.373518	0.320418	2.886639	1.965664	3.481690	2.090135	76.637643	-84.010202	59.720000	13487.000000
177	86.699408	86.620594	0.078814	2.298604	0.930255	0.601567	3.495036	1.089935	3.427470	83.480656	-83.493514	71.960000	13230.000000
1427	86.689982	86.635196	0.054786	2.274281	2.150384	0.844055	2.343064	3.238023	3.052447	90.121622	-79.286326	102.920000	13187.000000
619	86.362640	86.538968	-0.176328	1.694803	0.108682	1.483539	0.602170	0.244315	3.798862	93.997713	-85.984486	70.880000	13495.000000
1075	86.933026	86.796002	0.137024	3.348856	2.255265	1.926552	4.210063	5.225065	2.079181	75.913599	-80.140000	87.080000	13490.000000
609	86.434283	86.692481	-0.258198	0.935350	1.996730	4.116130	2.550489	1.485743	3.000000	94.835887	-74.189345	73.040000	13495.000000
1516	87.358406	87.432170	-0.073764	2.631657	2.147778	0.809360	1.240891	1.255804	1.000000	70.732711	-77.545081	65.480000	13187.000000
1349	87.535690	87.158891	0.376798	1.786573	1.891836	0.000000	1.389598	2.468119	1.000000	69.659900	-80.014903	82.040000	13187.000000
327	86.850542	86.143421	0.707121	1.347818	0.549952	0.214103	2.086512	0.451197	5.075085	99.345158	-85.121907	78.440000	13487.000000
916	86.311631	86.598198	-0.286567	2.279779	0.125542	4.020158	0.996126	0.598005	2.255280	87.962016	-80.129154	69.440000	13495.000000
1325	87.603581	87.518037	0.085544	3.581150	2.216104	0.760583	2.113862	2.099685	1.000000	99.000000	-84.249018	58.280000	13187.000000
950	87.042663	87.580692	-0.538028	1.556433	2.566697	1.432629	1.218916	2.345637	1.316940	99.842178	-70.724232	38.120000	13490.000000
943	86.413942	86.390182	0.023760	2.177357	2.052629	2.941265	4.469106	1.967198	1.045897	90.604477	-76.008101	75.200000	13495.000000
1171	86.538279	86.691542	-0.153263	1.312411	0.688720	2.199055	2.334078	0.300775	43.913438	89.080600	-78.429701	83.480000	13490.000000
486	86.289488	86.570767	-0.281279	1.354931	0.820276	3.528048	2.202849	0.522925	24.108656	94.968625	-76.568268	85.640000	13487.000000
320	86.601017	86.563072	0.037945	2.434833	2.914834	1.570579	1.595693	3.525284	2.721311	72.919612	-75.460000	85.640000	13487.000000
748	86.633241	86.598018	0.035223	1.824547	0.294620	3.606440	1.624365	1.127295	15.791097	91.939729	-81.549117	78.800000	13495.000000
237	87.655759	87.899850	-0.244091	3.427306	3.927401	2.453200	1.493905	3.278765	1.000000	77.132132	-76.867157	46.756818	13230.000000
34	87.283988	87.274675	0.009314	2.852721	0.593969	1.067734	1.642448	1.526168	8.264048	57.780363	-91.966734	51.272336	13230.000000
835	86.498491	86.385403	0.113088	0.811615	0.925244	2.506982	2.622807	1.193661	20.321556	86.954831	-82.166065	81.680000	13495.000000
379	86.754823	86.440226	0.314597	2.046639	1.330737	0.307585	1.270877	0.795103	1.000000	91.353764	-74.606052	84.560000	13487.000000
1102	86.865663	86.541825	0.323838	1.935557	1.432462	1.010883	3.569067	2.862199	3.000000	83.000000	-77.555142	90.680000	13490.000000
123	86.883488	86.847761	0.035727	1.230284	0.954032	2.504889	0.987372	1.255320	40.527124	100.000000	-83.210387	74.929604	13230.000000
603	86.517288	86.483450	0.033837	4.332230	0.951632	0.743552	0.636263	1.327740	1.277062	64.060811	-88.970107	55.760000	13495.000000
698	87.112134	86.632316	0.479818	4.755426	2.435240	0.110337	2.062859	1.273152	1.022200	43.039282	-72.067715	78.800000	13495.000000
984	87.065637	86.932137	0.133500	3.316830	1.881782	0.601071	2.508792	1.251373	2.407302	97.614063	-76.495022	59.720000	13490.000000
388	86.295266	86.053489	0.241777	2.306971	1.194085	1.015596	3.114578	0.531817	3.176373	65.000000	-75.205254	90.680000	13487.000000
1097	86.304203	86.334444	-0.030242	1.743420	1.734102	2.559075	3.363568	2.609070	3.622137	95.754243	-69.449290	85.640000	13490.000000
409	86.638375	86.609974	0.028401	0.900841	0.658127	3.269859	2.830131	1.002385	31.441176	98.000000	-73.807337	80.960000	13487.000000
1410	86.818816	86.998598	-0.179782	1.185227	1.697358	0.000000	1.850638	1.272507	2.000000	63.864067	-74.386755	101.480000	13187.000000
275	86.188443	86.466932	-0.278488	2.094985	0.547075	1.770164	0.334224	0.819466	14.046958	94.562137	-91.738454	73.760000	13487.000000
1515	87.223081	87.350258	-0.127177	1.715131	1.580307	0.899206	1.385187	0.763721	4.099709	57.000000	-77.021127	65.840000	13187.000000
70	87.388309	87.083159	0.305150	2.300924	0.976554	0.764164	2.566809	1.520615	3.154773	52.014450	-84.373573	70.880000	13230.000000
665	86.992361	86.489448	0.502913	2.166870	1.323347	1.133046	1.189907	1.143931	1.000000	65.386710	-71.650002	68.720000	13495.000000
244	86.657873	86.694590	-0.036717	0.619767	1.527178	3.920234	2.947505	1.318530	4.822785	96.416216	-76.839629	44.602369	13487.000000
1409	86.577497	86.666509	-0.089012	2.806193	1.283768	2.959466	2.585074	2.364870	2.047297	64.535684	-76.722530	96.080000	13187.000000
109	86.474975	86.532290	-0.057315	0.689626	0.674118	1.305540	1.422446	2.342265	5.124532	94.652347	-86.298545	76.287859	13230.000000
592	87.087730	86.978312	0.109418	4.728719	1.442990	1.596544	2.817246	2.186371	3.810811	90.746566	-75.355191	70.520000	13487.000000
930	86.173785	86.632994	-0.459209	3.303734	0.831143	1.383230	2.943566	1.680805	2.255934	82.891624	-83.901268	74.120000	13495.000000
1045	86.344714	86.297647	0.047066	0.340805	0.776678	1.553921	3.334253	2.245183	12.495030	100.000000	-85.755236	56.095915	13490.000000
760	86.457040	86.459489	-0.002449	1.916937	1.086265	2.661502	1.721663	0.752250	43.464396	92.666350	-79.582333	81.022635	13495.000000
819	86.172105	86.351424	-0.179319	0.702468	0.213711	0.728274	2.070853	0.842247	8.000000	92.805580	-79.491159	84.560000	13495.000000
1334	86.976870	86.999184	-0.022314	3.431031	1.366566	3.024845	1.844737	1.221093	9.504636	100.000000	-82.318711	62.600000	13187.000000
626	86.550601	86.442820	0.107780	2.208545	1.782371	3.162322	3.758593	2.751200	2.727782	83.580758	-72.211026	73.760000	13495.000000
977	87.403098	87.095357	0.307741	2.459506	1.579189	0.735889	2.452625	1.416708	1.000000	32.742897	-73.781941	62.240000	13490.000000
1301	87.230634	86.986717	0.243917	4.024946	2.160284	1.341064	1.953597	2.400835	2.242568	100.000000	-73.929476	65.821906	13490.000000
1303	86.939218	86.896744	0.042474	4.248823	1.875407	2.361335	3.312315	2.136671	2.792271	100.000000	-75.661175	63.320000	13490.000000
785	86.145804	86.184412	-0.038608	1.608653	0.443020	1.643186	3.375561	1.504059	4.936145	91.701224	-79.885299	82.760000	13495.000000
20	87.898721	87.838546	0.060175	4.362501	3.610672	1.951823	5.142942	3.147011	1.000000	90.457658	-70.923361	44.960000	13230.000000
1322	87.782178	87.504275	0.277903	3.350401	3.061451	1.988071	2.129663	3.590235	1.010456	76.214527	-76.900000	64.760000	13187.000000
1390	86.641674	86.570578	0.071095	2.507608	1.194255	1.960991	1.127345	0.975269	2.906931	50.663407	-81.961644	93.560000	13187.000000
329	87.211311	86.856170	0.355141	5.851428	2.986414	2.529757	3.597648	3.420693	2.000000	71.083386	-80.538499	83.840000	13487.000000
651	87.064168	86.993725	0.070444	4.489707	2.660662	0.937649	3.436540	1.433988	1.000000	86.483535	-66.797078	76.640000	13495.000000
981	86.184375	86.671327	-0.486952	2.187665	0.946140	1.886075	1.027160	2.147783	6.279757	96.746622	-92.430146	53.960000	13490.000000
1157	86.114393	86.168254	-0.053861	1.646480	0.455891	1.796025	2.958695	2.912378	5.338964	93.000000	-77.777689	91.400000	13490.000000
643	87.005503	86.831479	0.174024	5.108032	2.166915	2.490386	3.631462	2.125697	1.000000	80.008211	-66.225160	77.000000	13495.000000
186	86.793636	86.803257	-0.009621	2.934691	1.154787	2.889307	5.755630	0.458734	1.000000	92.000000	-77.927598	73.760000	13230.000000
622	86.335386	86.113534	0.221851	1.033674	0.568223	0.635600	2.519517	1.632996	6.117816	82.792645	-85.100625	76.640000	13495.000000
31	87.611859	87.268255	0.343604	3.947760	1.965589	2.764890	0.180728	1.469953	1.000000	55.214214	-80.772128	42.080000	13230.000000
235	87.573974	87.603998	-0.030024	2.060081	2.169573	0.774723	3.642570	1.325279	1.000000	100.000000	-74.430734	49.280000	13230.000000
1148	86.510184	86.293609	0.216575	0.382191	0.000000	0.418991	2.083127	0.553544	3.085582	96.344058	-73.779596	81.292167	13490.000000
101	86.387316	86.717798	-0.330482	0.863815	0.459498	0.952669	0.867582	1.201223	3.951156	90.662509	-83.354797	81.320000	13230.000000
1031	86.969835	86.475709	0.494126	2.929778	1.059113	1.888419	2.164557	1.507272	2.074857	93.389244	-81.000267	75.200000	13490.000000
1008	86.413471	86.437232	-0.023761	1.501407	1.660229	1.995196	3.052143	2.660489	3.000000	100.000000	-72.309899	70.880000	13490.000000
1313	87.405133	87.217691	0.187443	3.229402	1.930102	1.114383	2.115064	3.025079	2.301046	61.362387	-83.377073	72.320000	13187.000000
322	86.749494	86.519267	0.230226	2.063043	1.402797	0.429940	1.083819	1.555243	3.000000	70.533363	-77.159564	72.320000	13487.000000
1185	86.481611	86.221321	0.260290	1.669643	0.649927	0.056841	2.379323	1.137335	4.186340	86.624900	-77.631910	85.640000	13490.000000
1431	87.087810	86.932810	0.155001	3.371857	2.062475	1.841032	3.318251	2.841597	1.000000	84.324912	-75.502880	97.880000	13187.000000
52	87.823728	87.287199	0.536530	4.244587	4.067809	3.162112	0.334469	3.483421	1.000000	72.417644	-83.375805	60.800000	13230.000000
239	87.669213	87.993838	-0.324625	3.410931	4.273310	1.992156	2.516565	3.286802	1.000000	94.286259	-69.700000	44.600000	13230.000000
843	86.432698	86.359580	0.073118	1.046787	1.039954	2.384940	2.609250	1.894097	1.071015	91.193393	-70.268975	82.790949	13495.000000
1197	86.636075	86.410042	0.226033	0.846509	0.777143	1.223247	1.655301	0.419000	14.480129	100.000000	-77.645443	80.600000	13490.000000
184	86.651292	86.703264	-0.051972	1.642299	1.424090	0.569481	2.455972	1.904188	3.605778	86.429205	-79.529175	80.600000	13230.000000
1429	86.661405	87.136661	-0.475256	2.563564	2.321239	1.102856	3.835080	2.190807	4.351851	70.504012	-77.868016	97.160000	13187.000000
1006	86.650279	86.380089	0.270190	0.971735	0.777490	1.615155	2.073041	1.137348	8.164021	98.000000	-74.831839	70.520000	13490.000000
406	86.094226	86.227217	-0.132991	1.103090	1.153901	0.139614	2.171322	1.192465	3.384149	98.373339	-73.128947	87.440000	13487.000000
185	87.137517	87.094679	0.042839	2.356387	1.006352	0.843686	3.250004	2.340317	3.000000	89.929255	-79.818230	77.000000	13230.000000
